41196749 3027 285 44 10 0 0 0 0 0
53516011 57873 46227 35105 25385 17129 11025 6675 4141 2325
16109077 17881 8256 3822 2043 1121 706 373 166 0
5990172 196237 174349 154515 136773 120729 107579 96473 86897 78809
24424146 22597 12399 5991 2679 1103 438 194 89 67
20013353 115535 93358 77840 63320 50280 38910 30168 23672 18880
34246396 4542 1012 430 259 179 134 110 76 0
52197475 94995 86833 78869 71108 63056 54806 47414 39770 33218
17487043 46763 37463 29171 22547 17519 14240 11564 9618 8170
2319611 68883 53665 38435 27374 20542 16102 12994 10866 9306
18744959 28452 16084 8112 4089 2105 1195 607 334 218
57868200 1409 299 17 6 0 0 0 0 0
25263123 118447 105592 91528 76453 60761 47717 37151 29437 23790
14622583 303045 291781 279243 266757 253501 239741 226451 212802 200146
18228420 76093 50592 32608 22969 17597 14097 11559 9858 8603
21302893 52135 25992 11634 4281 1242 232 0 0 0
60193617 23614 13046 2058 150 0 0 0 0 0
21840935 31426 21305 12961 7414 4046 2261 1274 630 181
56343104 337 0 0 0 0 0 0 0 0
27071540 22920 10633 5383 2938 1699 1084 646 402 223
18149977 90129 81771 71783 61685 51949 42239 33509 26488 20904
775879 51047 35906 24820 17360 12512 9584 7731 6395 5459
23618466 78372 67698 55062 42567 32423 24703 19429 15446 12446
16660451 42806 28929 19265 13640 10384 8289 6777 5720 4694
27897937 104762 96247 85135 71683 57043 43618 32572 23913 18073
24986512 263 96 36 27 12 12 0 0 0
16222904 195401 176745 161291 145487 127759 109064 90566 73598 58304
16121602 137422 128796 119728 110131 99835 89155 78433 68073 57809
34685146 27698 18018 12744 8917 7029 5929 5047 4175 3536
16849245 468182 458284 449672 441287 432711 423906 415368 406226 396698
27773671 317936 309646 300798 291531 281659 271419 261261 250677 239141
58157932 179 86 62 43 35 30 30 30 30
20248699 197624 184793 170320 154675 138731 122596 107896 94225 82849
6542602 385364 368006 353546 339314 323834 307484 290120 271864 253440
17929122 402799 385885 373841 362312 350012 337607 324833 311799 297887
6765892 290353 273038 255004 237052 218256 196831 176401 157557 139541
23072819 42373 30415 20955 14931 11031 8456 6692 5397 4525
49808787 224635 216766 207754 197806 187554 176960 166202 155926 145446
25165748 1151 600 394 295 227 158 140 119 95
19673805 329577 311630 295498 280634 266910 252555 237093 220559 202232
14116654 745190 729665 711659 694034 676470 659035 640873 623282 604266
20217973 88897 74006 61636 52588 45928 40828 36412 32212 28268
16582578 74429 50055 35115 27078 22050 18485 15857 13995 12227
31394353 30264 21382 13776 8508 5416 3366 2268 1575 1072
48546291 6567 1316 296 0 0 0 0 0 0
15792031 43528 28366 17468 12002 8958 7108 5740 4711 3863
14269155 248311 240874 233206 224827 215831 206991 196905 186587 176099
21575032 20333 10965 5881 3268 1824 1029 641 354 155
45713517 45587 32372 24196 18943 15284 12503 10260 8496 7009
56705653 20274 10159 5171 2801 1642 944 621 385 173
23271739 3261 1037 389 200 97 57 0 0 0
15515919 338503 319842 301569 283900 265837 248687 232956 217353 202444
43761917 318245 301021 280997 261268 241476 222026 203867 186171 170835
1278601 4940 689 81 0 0 0 0 0 0
15998113 41823 25956 13858 6664 2980 1505 917 616 248
27480581 26392 11129 5305 3188 2220 1502 1054 748 546
46503181 456 12 0 0 0 0 0 0 0
30239831 164145 152577 142809 132195 120663 108834 96355 84133 71877
15440617 927219 916696 907144 897616 888412 878627 868703 858987 848939
19295793 137621 127877 116617 104887 92447 79717 67909 57444 48180
20642115 8983 3534 1900 1321 963 725 566 306 222
32132345 875 111 28 0 0 0 0 0 0
46499589 2348 0 0 0 0 0 0 0 0
25885519 179131 172266 164994 157176 148624 139664 131090 122081 113025
29917709 3989 654 326 211 167 127 97 56 0
53448721 6 2 0 0 0 0 0 0 0
31619125 1280 5 0 0 0 0 0 0 0
18233963 71531 58607 46087 35533 27661 22021 17599 14298 11770
12451342 299873 281490 263722 246124 227372 209302 192094 175147 159732
36179184 618464 610173 601603 592705 583765 574425 564453 554303 544279
15475771 114615 96366 77738 60296 45424 34764 26778 21269 16805
17522935 231246 217989 207929 196388 182200 165685 147061 127832 109856
1874271 182627 168454 153180 136191 118391 102121 87955 76279 67247
8167022 105474 91601 75831 60672 47688 37433 30005 24300 20156
15183991 12363 7420 5936 4835 3925 3208 2651 2205 1799
57282906 5 0 0 0 0 0 0 0 0
18915240 430952 414082 396588 378975 359932 340647 321453 302218 284419
18833145 21380 6848 710 110 6 0 0 0 0
29081858 411138 400608 390396 380370 369902 358952 347582 336613 325053
23036829 11757 2699 385 82 24 12 0 0 0
20779110 80094 66974 53720 42080 32300 24210 18434 14381 11158
40603 219419 203119 185573 169058 153210 138570 125268 113480 102809
19163150 1660 379 157 80 44 34 28 28 28
18267192 348238 340304 332512 324496 315372 305098 293164 279696 265256
45035608 4352 769 88 0 0 0 0 0 0
21596702 12975 5555 2409 1215 743 442 267 226 140
33295099 172 24 8 0 0 0 0 0 0
48450755 1670 673 329 134 67 0 0 0 0
15031689 5780 870 92 0 0 0 0 0 0
18282831 475064 463974 453088 441985 429773 416753 403397 389474 375234
20134388 33040 19498 11102 6716 4180 2725 1759 1074 603
45371032 151 0 0 0 0 0 0 0 0
30537862 46073 27270 15180 10479 7711 5996 4731 3867 3076
17993489 25833 13817 8071 5533 4249 3504 3078 2757 2397
15639696 5568 1312 226 22 0 0 0 0 0
35249450 2006 88 35 11 11 0 0 0 0
28344681 587 161 103 49 33 28 28 28 0
23179011 370359 363700 356846 349913 342273 334918 326794 318639 309759
40755409 621 269 189 141 113 73 55 0 0
41364072 1634 213 15 0 0 0 0 0 0
13524602 45098 33918 23818 15877 10457 6992 4590 2994 1948
50261652 7788 2144 1618 1282 1090 910 724 563 446
15196607 251088 239476 227304 214053 200517 186727 172555 157862 142510
21314814 153144 143231 131821 120040 108660 98170 88288 78817 70249
14242807 37022 24144 17446 13651 11107 9507 8206 7247 6439
16909021 50765 24621 9805 4174 2190 1410 924 686 516
23240492 127885 117768 106772 95120 84032 73092 63624 54923 48299
17922972 547556 538170 528898 519208 509548 499268 488282 476718 465222
16528872 184246 171065 156241 139360 121128 102913 85909 70817 58649
47862321 202 0 0 0 0 0 0 0 0
14499309 74144 58505 44847 33594 25390 19481 14994 11641 9217
7280862 572782 561077 548703 536070 521990 507520 491842 476120 460000
36707898 704 106 0 0 0 0 0 0 0
7794252 618903 603062 589574 575969 563293 551103 538815 526502 513846
10552522 63343 38235 22471 13846 9430 7176 5904 5092 4684
16470419 151437 138939 125651 111246 96314 82255 69752 59302 50398
13156502 377724 364992 352256 338717 324209 309354 294360 279345 264921
19579908 197830 185355 172327 158695 144759 130824 117738 105495 94303
20289349 418519 408344 398370 388374 377918 367098 355554 344277 332533