1117 10002792
152 10029732
556 10053832
62 10119442
1025 10123322
49 10141932
786 10202
1190 10214312
696 10255732
1075 10336042
907 1035491
936 10355572
794 10373322
1166 10396
896 10419
685 10546442
423 10667662
491 10667882
1278 10741312
597 10785292
1243 10876852
1221 10896172
887 1097851
1237 1117651
433 11271852
751 11294522
507 11333532
1085 11340982
966 11353012
265 11365442
911 1143031
925 11448652
574 11622712
710 11734522
347 11855222
764 11911082
241 11915432
346 11916652
981 11922692
1033 11946722
348 11965332
1180 12014132
1098 1201491
71 12044602
603 12057172
286 12084362
704 12084472
408 12144232
538 12185672
822 12295092
1023 12315022
1262 12363002
288 12379282
510 12412912
943 1245101
1230 12454882
427 12504732
518 12505022
508 12507802
1067 12582472
224 12589972
1086 12611642
996 12636032
866 12666842
929 12672352
195 12710712
1174 12712322
607 12776042
950 12820422
428 12885662
783 12926542
1267 12947712
425 13012632
154 13032102
746 13049582
796 13082862
1149 13097772
884 1315431
337 13206842
1231 13229232
893 13265572
1043 13316782
557 13337292
787 13348
659 13354002
930 13359972
1164 1338681
806 13406702
1224 13410
506 13457722
609 13492872
118 13494812
722 13510202
1115 13547812
1126 13677162
706 13745622
97 13820332
1082 13881572
324 13950232
216 13976432
941 14019992
991 14051176
877 14061625
1154 14063253
489 14067559
176 14070511
476 14071624
156 14076588
209 14078808
1065 14079425
103 14102993
587 14107038
1269 14114588
301 14116024
1016 14118444
673 14138497
244 14140420
9 14153778
206 14154581
218 14164855
436 14173886
1244 14178271
651 14181336
873 14193189
552 14196921
464 14198539
750 14200437
901 14212297
611 14213491
294 14216350
1147 14224719
792 14227559
951 14228300
1268 14231321
645 14261168
980 14286082
1091 14289168
319 14290180
1223 14295486
1232 14301386
1181 14301756
1213 14306001
270 14308443
1270 14311334
124 14311992
1197 14312628
479 14315150
12 14323769
1013 14332424
646 14334898
1138 14345095
86 14347282
1079 14348257
305 14359747
775 14360071
1257 14363723
613 14372633
89 14373255
828 14376012
939 14377870
1145 14378241
366 14378419
1178 14379526
379 14380258
747 14380807
709 14382579
1251 14387591
236 14388166
919 14389031
502 14389132
475 14391111
871 14393348
720 14405162
5 14409749
1260 14413024
1155 14413535
11 14415928
271 14416988
952 14422993
749 14425899
888 14429823
492 14430060
676 14431400
1241 14432003
1045 14433007
33 14434472
1139 14435305
361 14439324
1087 14451294
1020 14453088
1199 14458280
1195 14458381
889 14463104
1090 14465607
197 14467906
571 14469397
1022 14470037
325 14486811
1100 14497001
174 14502632
437 14503541
504 14505871
242 14541812
515 14542767
734 14548621
854 14550649
1281 14562259
754 14562275
1156 14565104
26 14565508
1107 14573643
1265 14588151
485 14610275
805 14621112
820 14621598
1106 14632998
207 14633814
122 14647853
968 14650898
254 14652452
872 14660636
404 14669398
312 14677225
849 14687806
993 14694255
321 14703882
87 14711172
357 14720411
530 14725110
1080 14727152
818 14732187
862 14739266
1274 14749529
1177 14750135
1191 14762923
136 14774895
1196 14779563
674 14791810
953 14803701
683 14808307
421 14812811
526 14821347
752 14826124
472 14831419
572 14833954
693 14837079
523 14841815
1105 14850079
848 14857774
179 14871283
30 14874772
1009 14886375
99 14887344
997 14891394
1162 14901255
1073 14923512
1008 14933478
162 14938818
1201 14951992
956 14960104
1092 14986862
1171 14989592
1061 14990608
274 14996326
239 14998161
648 15006658
223 15010705
386 15011753
477 15017802
1226 1501881
258 15021099
83 15022452
261 1503071
283 15031424
821 150433
505 15044502
938 15054733
1167 15061360
713 15062528
1071 15081182
910 15105269
157 15114927
247 15115280
262 15117375
212 15119203
457 15120121
1054 15127525
616 15131310
193 15143725
173 15151846
284 15158464
894 15166577
998 15192462
253 15195171
1 15214601
846 15218193
1173 15221118
126 15222197
1072 15224565
320 15228169
1070 15230663
92 15235475
601 15249991
639 15258479
885 15272561
637 15274836
582 15276401
260 15285305
1057 15285352
691 15293750
398 15302201
275 15305831
988 15309624
992 15326572
729 15330930
1007 15345111
451 15365862
322 15369494
382 15375854
1101 15378358
695 15381868
960 15392258
779 15393582
391 15397465
1114 15401242
213 15412070
359 15422705
948 15426495
340 15433037
1130 15434432
570 15438100
192 15442720
1046 15444746
372 15445240
1186 15446757
727 15464038
221 15465963
1093 15487646
1254 15487691
1219 15497480
900 15497928
589 15501042
990 15503194
838 15508743
1192 15516599
376 15518629
1256 15549496
37 15552693
1152 15554127
1212 15574937
1271 15591360
299 15594674
131 15600217
858 15628017
562 15634645
922 15637825
949 15650754
311 15652066
1012 15663098
852 15685236
172 15698661
548 15708276
449 15726306
985 15726358
741 15734464
390 15736066
781 15743570
963 15746084
41 15749322
419 15750788
869 15764490
757 15767403
891 15768216
204 15768401
202 15770446
772 15771644
855 15781511
995 15784254
606 15793787
4 15794195
1125 15798871
957 15808502
592 15811031
178 15811314
185 15815424
708 15816164
401 15816264
1168 15821034
1253 15821161
903 15831762
186 15831817
228 15836067
1146 15836440
721 15838770
987 15839528
38 15861944
1205 15865514
666 15866947
859 15867638
503 15878029
1279 15888193
994 15889265
800 15894896
861 15896379
672 15897727
1163 15898634
1021 15899802
67 15905071
158 15905461
860 15910704
400 15912508
1064 15920465
365 15947185
300 15951028
776 15959560
1049 15971132
1240 15974068
397 15991049
1134 16010099
618 16014000
809 16038571
27 16042689
373 16045527
16 16056406
196 16061242
1211 16082844
280 16090230
1258 16096448
662 16102437
233 16108468
1169 16146688
1118 16147523
723 16150075
840 16153996
810 16179886
865 16181186
148 16188058
1135 16202612
686 16203022
412 16213621
974 16221896
944 16227386
1209 16248688
742 16252536
256 16260135
226 16264088
716 16264718
143 16265869
109 16266663
1053 16278483
581 16294239
84 16294267
682 16301273
979 16303871
1204 16324234
1113 16333183
663 16335920
1264 16354755
350 16356732
1041 16358038
1185 16376531
217 16376689
215 16388972
690 16397621
568 16404741
1120 16404939
1165 16412744
88 16413061
972 16418966
942 16429977
761 16435080
583 16437619
411 16438898
279 16440437
798 16446860
1131 16454410
1030 16457418
1029 16472219
384 16481781
660 16487447
575 16507195
1097 16516927
864 16539573
180 16540406
135 16556652
259 16559157
573 16564528
302 16569530
1218 16577921
298 16587953
832 16591984
875 16616494
600 16624180
892 16634224
630 16636702
976 16648414
1234 16655930
44 16666847
483 16668511
1203 16674441
824 16684007
1157 16691038
837 16692771
403 16703058
1227 16710435
128 16724548
633 16732982
363 16735660
231 16737437
765 16746457
819 16765853
825 16794609
277 16794731
770 16805861
141 16814727
829 16819278
654 16824146
17 16826457
69 16836914
594 16841186
878 16859194
355 16860550
377 16868838
145 16872081
632 16876339
1062 16897314
826 16899075
1121 16908764
882 16910946
940 16916369
1063 16917803
21 16928870
843 16940488
133 16945769
758 16956020
1128 16960171
668 16970852
971 16971411
881 16972877
79 16984407
219 16993144
763 17006500
45 17010913
58 17026091
199 1702731
984 17038611
168 17044187
1044 17062577
163 17070787
586 17070831
101 17086900
1187 17111803
467 17116966
159 1712831
1096 17135931
1011 17136637
1188 17156946
1200 17163743
278 17165424
1261 17172429
863 17176391
921 17194296
1110 17203389
1112 17225939
913 17242874
462 17243913
1019 17258461
161 17259201
1249 17260743
795 17275115
1194 17292357
931 17310353
453 1734381
1003 17344451
652 17349603
857 17352423
1159 17352686
965 17365559
420 17375852
393 17376797
959 17383783
424 17387154
744 17387228
443 17393362
697 17394240
669 17396839
1129 17401289
474 17417867
39 17445058
527 17446887
415 17463660
954 17478436
402 17486092
1116 17488225
1182 17496666
22 17508456
576 17508669
1141 17509428
287 17518786
599 17525291
1001 17526692
1160 17527466
928 1753061
851 17544805
210 17546076
909 17554387
1036 17578429
7 17588271
170 17601250
353 17601922
1277 17623608
1273 17624304
876 17636405
935 17641330
356 17673616
276 17681513
362 17681834
540 17682509
622 17685196
114 17732108
68 17752368
1183 17770303
986 17774041
349 17790330
65 17801505
383 17802735
1068 17802893
460 17805062
486 17821540
1208 17825585
61 17828110
788 17831966
151 17836707
853 17837688
263 17843264
1077 17850012
625 17867513
184 17871615
653 17871850
499 17883015
563 17883356
309 17884382
25 17885313
304 17896640
1161 17899518
937 17900421
342 17913181
684 17925374
1111 17926342
405 17927769
982 17944109
1031 17946861
266 17949775
13 17950779
680 17964225
1015 17971229
715 17978626
1034 17983854
111 17992196
413 17995383
736 18032292
537 18057257
225 18066326
416 18073211
76 18073937
644 18076565
1140 18076708
392 18087450
1259 18089167
1255 18090910
604 18092636
1076 18112405
153 18119333
999 18122642
40 18153673
733 18157192
834 18160766
789 18178083
360 18183592
229 18185124
1198 18191676
1102 18199499
612 18211473
774 18213135
1207 18215560
445 18222808
898 18229440
338 18230590
814 18234841
205 1823571
198 18238282
104 18244345
628 18256661
292 18257051
915 18258178
75 18262352
803 18262412
1266 18265550
119 18270755
459 18276100
812 18277078
73 18311496
902 18312906
187 18318091
1088 18319808
962 18342947
267 18343779
248 18349074
701 18351523
566 18358516
833 18363508
1099 18363737
835 18394257
293 18396317
624 18426610
816 18426725
1252 18426947
1059 18427000
1172 18463079
497 18464642
579 18467164
1037 18467329
1027 18474336
498 18485125
310 18506975
1158 18513221
677 18515826
688 18531618
1229 18533317
181 18535161
15 18536530
801 18536826
614 18539631
1058 18570358
395 18591276
94 18594208
1239 18597548
120 18600489
182 18625274
539 18628681
643 18650003
698 18664838
214 18686823
115 18706957
155 18733738
1136 18746235
785 18750855
189 18760461
738 18765489
375 18773467
496 18773886
91 18786703
1272 18791763
879 18791776
880 18793033
409 18794094
1179 18807347
969 18863894
694 18879847
621 18901700
1069 18906805
1189 18908042
1047 18914063
105 18921944
1119 18932164
306 18932935
978 18934825
1263 18943348
235 18949053
831 18954425
318 18976002
531 18983594
874 18994215
768 18999248
53 19001589
1006 19006934
95 19022242
517 19023804
724 19048014
183 19053307
227 19057564
60 19099916
367 19107253
1215 19109272
490 19150696
817 19184110
78 19194198
916 19206924
1148 19211603
638 19220217
42 19221539
1193 19223495
636 19235655
316 19242232
983 19258840
967 19261529
281 19266679
799 19273104
1245 19290107
545 19337315
113 19341833
856 19349216
1123 19362341
1042 19393196
341 19424599
655 19428338
1060 19448989
731 19476095
466 19478290
51 19480816
252 19483682
455 19498738
542 19511386
513 19560364
934 19562864
481 19568473
771 19572710
689 19576100
590 1958351
482 19593530
171 19632867
1276 19676723
602 19681873
334 19694900
1175 19715480
707 19733819
714 19734025
815 19755825
177 19759856
1250 1976611
631 19801563
514 19804077
718 19813909
1184 19835581
234 19835829
47 19849446
541 19851346
700 19871117
418 19930753
501 19937161
1109 19945621
1104 1998841
52 20007155
560 20026403
732 20043396
82 20044145
1228 20050733
745 20106987
933 20131183
712 20172287
717 20178452
364 20187037
748 2023191
550 20254889
442 20279665
268 20286549
975 20331733
469 20334391
1024 20353030
509 20370757
1038 20378114
150 20380317
417 20385404
333 20421939
396 20422197
190 20423440
1235 20424067
535 20512795
1170 20515090
237 20542285
555 20545731
564 20570337
580 20570461
250 20595739
773 20602104
468 20610856
516 20613049
64 20622724
331 20632878
759 20639602
1005 20641747
494 20643704
50 20645586
315 20655998
536 20660256
323 20661527
1074 20709117
147 20710035
1151 20719169
332 20727087
1083 2074981
329 20755753
671 20757621
203 20784269
595 20789740
330 20796717
429 20806376
1081 2081171
406 20840026
454 20858606
598 20859431
251 20876317
1282 20883595
623 20937452
127 20974144
430 20977313
827 20982844
766 21002173
32 21002407
238 21013461
1280 21042383
525 21045216
1132 21062439
19 21093392
629 21109533
57 21114240
790 21131960
2 21170191
615 21172897
385 21218806
77 21244244
374 21280216
273 21281890
473 21325628
36 21354676
836 21355723
735 21360280
164 21381831
130 21412438
641 21425016
1217 21430495
977 21430512
565 21450989
431 21466395
326 21495069
626 21507883
905 21508309
370 21541548
847 21567011
961 21571161
793 21592216
912 21611257
149 21623452
1122 21631487
297 21652654
1133 21658412
389 21714443
914 21729493
534 21743635
121 21750314
422 21782156
63 21801238
200 21803852
755 21815129
1108 21825555
138 21836409
296 21857452
559 21883088
640 21908338
767 21980131
728 21993071
551 22012077
890 22013577
70 22026974
410 22027888
730 22029942
188 22096652
125 22114874
596 22127100
1002 22147498
1052 22158221
1150 22271510
546 22321253
1051 22322056
308 22336717
116 22360594
146 22573714
220 22584185
289 22598803
456 22859511
243 23116802
487 23136101
511 23140259
303 23166140
439 23166662
488 23172966
18 23224410
106 23245220
295 23344327
368 23363000
845 23383517
96 23433636
313 23506161
588 23579041
74 23619919
656 23645182
59 23707913
1056 23774237
80 23818590
658 23821484
839 23870788
1089 23898154
452 23918315
438 23932610
31 23943320
351 23971640
194 24027953
446 24114909
352 24122752
778 24231660
123 24281654
471 24327993
554 24336577
144 24398480
444 24440532
1143 24472788
970 24512138
24 24533117
830 24562770
335 24565047
1078 24627141
804 24660383
1236 24661425
255 24722470
725 24725078
842 24733117
649 24792015
43 24795355
762 24797080
369 24825275
246 24914957
569 24942859
328 25025831
524 25057241
1094 25082055
917 25094419
1018 25267771
191 25359130
610 25363082
797 25407781
558 2541771
522 25423829
813 25426708
440 25458378
1153 2557521
1028 25681991
166 25717463
470 25737016
549 25768076
593 25899488
617 26079919
465 2608911
458 26097408
544 26128478
605 26194528
0 26228877
307 26322120
577 26388811
100 26493362
142 26509964
48 26510716
642 26594181
665 26686524
711 26732027
886 26743
681 26889413
619 27060914
54 27076855
129 27181836
850 27213383
480 27260759
230 27272101
547 27316339
394 27377195
760 27395956
699 27551115
500 27664264
72 27688800
358 27700636
739 27709113
317 27743483
448 2776801
232 27790493
107 27800031
344 27817316
102 27845072
222 27890567
670 27982959
55 28060714
160 28074688
1220 28119357
1010 28127726
1242 28331781
414 28417656
584 28506495
132 28756575
1124 28759473
175 28904171
378 28913128
567 29141246
520 29247437
285 29285507
823 29354944
211 29492064
529 29657072
532 29692059
134 29782635
692 29800671
661 30059550
585 30144913
807 30202451
512 30230172
627 30272272
434 30279352
426 30293658
93 30462362
290 30529390
432 30621351
399 30736991
139 30843520
841 30903701
1084 30973
591 31105493
98 31166895
201 31345485
635 31748931
272 32037985
719 32169505
343 32220512
450 32298723
533 32378883
8 32612400
521 32675149
327 32693541
245 3286871
388 32929290
973 32951837
1202 32973407
932 330093
702 33113508
35 33153203
578 33198424
791 33413203
1248 33440456
620 34382520
381 34530795
66 34767150
6 34793510
650 34882518
780 3533231
679 35411126
56 36319486
169 36694750
291 36732058
870 36984066
743 37213910
802 3746171
769 37476308
1000 37660058
705 38045603
703 38108608
678 38509085
955 38642148
208 39054167
461 40167176
958 4057941
336 41565497
924 42113866
553 4239551
947 4278201
165 4733651
167 5210841
867 5271891
1039 5380672
29 5392522
895 5417132
1137 5434242
441 5449422
240 5489632
1247 5511332
20 5568612
493 5644142
647 5653432
1055 5656402
899 5661892
1176 5683952
1032 5720382
1014 5741722
435 5879482
354 5889412
726 5975652
883 5993572
740 6108862
249 6120472
1095 616173
371 6190542
1048 631583
10 6328372
1144 6382062
634 6452362
946 6729142
1222 6742412
1127 674433
945 678953
1233 6796502
137 6822512
1004 685513
117 6877722
264 6996832
844 7040932
908 7192292
23 7199762
519 720843
85 7350652
964 7350962
1238 7437572
782 743763
927 746323
989 7490392
756 7528292
1103 7557612
339 756278
906 7565532
478 7573332
380 7673322
657 7693312
34 770759
608 7799412
1214 784304
1017 784856
112 7858262
14 7862342
90 7879052
918 7879972
811 7887562
753 7888722
1066 7894282
3 7901202
1035 7955522
543 7966812
140 7981702
407 804455
484 8071902
1225 8115312
387 8119812
345 813286
926 8204622
1040 8266322
737 8345202
777 8453452
1275 8480672
81 8573292
923 8596022
664 8627252
257 8637482
1216 8740302
897 8769212
1246 877421
447 8785632
1026 8820652
1210 8867702
675 8981642
808 898491
528 9091052
1142 9129082
904 9162452
1050 9175912
282 9274492
28 9295212
269 9306
920 9453872
314 9590002
868 9709572
108 9720292
1206 9734372
561 9738452
667 9753672
110 9834992
46 9836582
784 9953882
687 9979162
463 9985802
495 9990012
