 19835829 17673616 804455 30293658 17805062 17396839 18664838 24231660 16278483 10876852 14363723 8480672
 14415928 16868838 30293658 16624180 25363082 18664838 5975652 24231660 16278483 16577921 14363723
 5889412 30293658 30272272 18664838 8453452 24231660 16899075 21729493 16278483 20515090 14363723 8480672
 16376689 16794731 7573332 18664838 37213910 8453452 24231660 10123322 8266322 22322056 16278483 14363723
 27272101 15158464 14720411 30293658 17805062 15708276 8453452 24231660 16278483 14063253 14363723 8480672
 17805062 16616494 15497928 21571161 11922692 15784254 18122642 17526692 28127726 19393196 32973407 15574937
 24825275 30293658 14505871 18664838 8453452 24231660 10123322 18914063 16278483 14363723
 14409749 22026974 30736991 30293658 18664838 24231660 25681991 16278483 14413535 16577921 20424067 14363723
 22336717 11855222 30293658 16264718 24231660 15393582 16278483 14565104 6796502 20424067 14363723 8480672
 16794731 30293658 14425899 8453452 24231660 15166577 16278483 18906805 16577921 20424067 14363723
 21170191 18535161 39054167 15285305 14677225 30736991 30293658 17805062 8453452 24231660 16278483 14363723
 11915432 18794094 30293658 15258479 8453452 24231660 16278483 16577921 20424067 14363723
 13032102 11855222 30293658 5449422 17396839 18664838 24231660 16278483 28119357 14363723 8480672 20883595
 23707913 16260135 15158464 30293658 8453452 24231660 10123322 5380672 16278483 14363723
 27272101 30293658 17805062 8453452 24231660 18178083 22013577 14650898 16278483 14451294 14363723
 23707913 16260135 14720411 30293658 17805062 8453452 24231660 10123322 16278483 14363723
 30736991 30293658 17805062 8345202 8453452 24231660 17831966 16179886 16278483 14363723
 14409749 14677225 30293658 17883015 26128478 18664838 37213910 24231660 16278483 16577921 20424067 14363723
 15285305 18087450 30293658 22127100 24231660 16278483 14413535 16577921 13229232 20424067 14363723 15591360
 19099916 39054167 24722470 17821540 8453452 24231660 14650898 16278483 16577921 20424067 14363723
 21170191 24281654 24722470 15158464 12084362 17896640 30293658 17805062 24231660 19393196 16278483 16324234
 7981702 6996832 20421939 16868838 30293658 18664838 24231660 19393196 16278483 17401289 16324234 14363723
 16265869 16264088 30293658 30272272 19235655 18664838 37213910 8453452 24231660 16278483 14363723 8480672
 27272101 8453452 24231660 15393582 18178083 16179886 14650898 16278483 16577921 20424067 14363723
 18949053 14677225 30293658 18664838 8453452 24231660 24660383 16278483 14306001 14363723 8480672
 15119203 804455 30293658 24231660 26743 14650898 18914063 16278483 16577921 20424067 14363723
 27272101 14061625 21571161 18122642 17526692 685513 28127726 20353030 19393196 32973407 15574937
 21803852 30293658 23932610 17396839 8453452 24231660 16899075 16278483 15920465 20424067 14363723 8480672
 30293658 23932610 17508669 19235655 15258479 18664838 37213910 8453452 24231660 16278483 14363723 8480672
 19424599 14505871 17508669 8453452 24231660 14422993 14650898 18914063 16278483 16577921 20424067 14363723
 13494812 15151846 18949053 30293658 24231660 18178083 16278483 16577921 6796502 20424067 14363723
 20840026 30293658 24792015 27982959 24231660 4057941 19393196 16278483 16324234 14306001 20424067 14363723
 20385404 30293658 19871117 24231660 18234841 24562770 16278483 16908764 16577921 6796502 20424067 14363723
 27272101 30293658 17805062 18664838 8345202 24231660 17365559 16278483 18363737 14379526 14363723 17172429
 27272101 30293658 29247437 18664838 8453452 24231660 16899075 16278483 14363723 16096448 8480672
 30293658 14315150 17525291 18539631 16970852 18664838 37213910 24231660 16278483 20424067 14363723
 14409749 15119203 15117375 30293658 24231660 16278483 16577921 20424067 14363723
 19099916 18794094 30293658 18664838 8453452 24231660 5271891 22013577 10123322 16278483 14363723
 15022452 5889412 18794094 30293658 18664838 8453452 24231660 17831966 16278483 10896172 14363723 8480672
 23116802 21280216 30293658 18664838 19048014 8453452 24231660 10123322 16278483 14363723
 18949053 23363000 30293658 17805062 8453452 24231660 15393582 16227386 16278483 14363723 8480672
 23707913 36694750 19107253 9985802 10667882 14505871 8453452 24231660 14650898 10123322 16278483
 19099916 7573332 19428338 8453452 24231660 14650898 16278483 18906805 16577921 20424067 14363723
 21170191 19221539 14359747 24825275 18591276 30293658 9985802 20370757 18664838 24231660 8266322 16278483
 17950779 15285305 30736991 30293658 8453452 24231660 5271891 16278483 14363723 8480672
 14677225 18976002 30293658 18664838 19734025 8453452 24231660 26743 16278483 16960171 14363723 8480672
 30736991 7573332 29247437 8453452 24231660 18178083 14650898 16278483 16577921 20424067 14363723
 36694750 27272101 19107253 9985802 10667882 8453452 24231660 18178083 14650898 10123322 16278483
 30293658 22127100 18664838 14425899 24231660 15393582 22013577 16278483 14413535 16577921 20424067 14363723
 18073937 15815424 30293658 17805062 27709113 24231660 21131960 17641330 16278483 14363723 8480672
 18949053 16356732 30293658 17805062 18539631 16102437 18664838 24231660 16278483 14379526 14363723 8480672
 23363000 30293658 17805062 8345202 8453452 24231660 21355723 16278483 14363723 8480672
 18773886 6452362 18664838 8453452 24231660 19184110 14621598 13265572 16278483 16577921 20424067 14363723
 16993144 19107253 21280216 30293658 8453452 24231660 17831966 16278483 8115312 20424067 14363723 8480672
 21836409 14720411 20385404 30293658 20806376 17805062 8453452 24231660 16278483 14363723 8480672
 14164855 30293658 17508669 18664838 2023191 8453452 24231660 15867638 16278483 14363723 8480672
 14647853 30293658 14505871 17508669 8453452 24231660 10123322 18914063 16278483 14363723 8480672
 24398480 30293658 9985802 17525291 18664838 19871117 24231660 16179886 8266322 16278483 14063253 14363723
 30293658 19235655 7888722 8453452 24231660 7887562 16278483 13547812 17163743 20424067 14363723 8480672
 14677225 30293658 18773886 8453452 24231660 17194296 16278483 18906805 20515090 16577921 20424067 14363723
 30293658 25363082 15258479 18664838 24231660 16692771 16278483 10002792 20424067 14363723 16096448 8480672
 27272101 30293658 17805062 17821540 8453452 24231660 10123322 5380672 18914063 16278483 14363723
 17950779 27272101 30293658 17805062 18664838 8453452 24231660 15166577 16278483 10876852 14363723
 21170191 39054167 14998161 6996832 19107253 30293658 40167176 9985802 24231660 10123322 8266322 16278483
 30293658 18773886 22127100 24792015 18664838 24231660 9953882 17831966 16278483 16577921 20424067 14363723
 14409749 22573714 6996832 30293658 17805062 18664838 16264718 24231660 16278483 10002792 14363723
 13494812 30293658 17525291 31748931 18664838 24797080 24231660 16278483 14363723 8480672
 39054167 19107253 29247437 8453452 24231660 14650898 16278483 16960171 16577921 20424067 14363723
 30293658 18773886 17883015 17525291 18664838 7888722 8453452 24231660 16278483 14063253 14363723 8480672
 16260135 30293658 17805062 18773886 18664838 8453452 24231660 21729493 16278483 14363723
 21002407 14311992 18949053 30293658 18664838 8453452 24231660 16278483 14363723 16096448 8480672
 8573292 15815424 16376689 18343779 21280216 30293658 18664838 24231660 10123322 8266322 16278483 14363723
 8573292 18786703 15006658 8453452 24231660 14621598 21729493 10123322 19393196 16278483 16577921 14363723
 17508669 8453452 24231660 15393582 13082862 8769212 14650898 18914063 16278483 16577921 20424067 14363723
 30293658 15258479 18664838 8453452 24231660 16179886 16899075 18954425 16278483 10896172 14363723 8480672
 21836409 27272101 7573332 19428338 8453452 24231660 15393582 14650898 16278483 16577921 20424067 14363723
 21280216 30736991 30293658 29247437 22127100 18664838 24231660 16278483 20424067 14363723 15591360
 21836409 27377195 30293658 17805062 17821540 8453452 24231660 16278483 15285352 14363723 8480672
 14311992 15119203 30293658 9091052 22127100 18664838 24797080 24231660 16278483 14363723 8480672
 16188058 16356732 30293658 17805062 17821540 24231660 17831966 15764490 4278201 16278483 16577921 14363723
 21803852 19424599 21280216 30293658 8453452 24231660 18312906 16278483 14306001 20424067 14363723 8480672
 27272101 16260135 30293658 17805062 18773886 18664838 19734025 8453452 24231660 16278483 14363723
 16376689 18794094 22027888 30293658 40167176 18664838 8453452 24231660 10123322 16278483 14363723
 16265869 27272101 15285305 15158464 30293658 17805062 8453452 24231660 15867638 16278483 14363723 8480672
 21170191 21836409 14703882 16356732 24825275 30293658 9985802 18664838 24231660 16278483 14363723
 17950779 14505871 38509085 8453452 24231660 14650898 16278483 16577921 10896172 20424067 14363723
 27272101 24722470 30293658 20806376 17805062 8345202 8453452 24231660 14650898 16278483 14363723
 15815424 22027888 30293658 18664838 19871117 24231660 10123322 25681991 16278483 14363723
 18794094 30293658 17867513 8453452 24231660 5271891 16278483 14451294 20424067 5511332 14363723
 23707913 36694750 15768401 23116802 9985802 10667882 8453452 24231660 14650898 10123322 16278483
 27272101 30293658 17805062 21908338 8345202 8453452 24231660 15393582 16278483 14363723 8480672
 30293658 17805062 15006658 2023191 8453452 24231660 15393582 26743 21729493 16278483 14363723 8480672
 14078808 22584185 6996832 9985802 18664838 24231660 19206924 10123322 5720382 8266322 14727152 8480672
 14347282 30293658 18664838 24231660 22013577 25681991 16278483 16412744 20424067 14363723 15591360
 24722470 18976002 30293658 18773886 18664838 24231660 16278483 14063253 16577921 20424067 14363723
 16356732 21280216 30293658 9091052 18664838 24231660 16910946 16278483 20424067 18090910 14363723 8480672
 17950779 18949053 14720411 27377195 15991049 30293658 17805062 18664838 8453452 24231660 16278483 14363723
 21803852 39054167 6996832 30293658 17805062 17821540 8453452 24231660 14650898 16278483 14363723
 27272101 17805062 16616494 14061625 15497928 21571161 11922692 18122642 17526692 19393196 32973407 15574937
 21002407 14677225 30293658 18664838 37213910 8453452 24231660 15867638 16278483 15061360 14363723 8480672
