228 322 342 424 458 776 838 1045 1051 1255 1273 1280 
228 332 424 440 456 461 696 776 1023 1038 1051 
0 57 84 183 310 424 427 458 461 776 1051 1255 
228 254 397 775 776 864 966 1051 1216 1233 1255 
228 282 355 424 458 546 775 776 1051 1174 1255 1273 
136 216 775 776 857 922 966 1051 1216 1233 1255 
108 345 424 774 776 777 782 1051 1216 1233 1255 
366 424 458 775 776 783 857 888 957 1051 1255 1273 
262 395 424 458 696 735 775 776 828 857 1051 1255 
262 461 775 776 826 966 1051 1142 1152 1233 1255 
131 424 462 594 685 696 776 1045 1051 1216 1233 1269 
262 284 637 775 776 1040 1051 1065 1202 1207 1233 1281 
58 424 427 458 494 546 775 776 783 1051 1255 1273 
199 424 696 724 776 919 1051 1095 1216 1233 1241 1255 
136 653 775 776 777 857 966 1051 1216 1233 1255 
79 216 352 424 696 775 776 1051 1152 1219 1255 1273 
57 79 258 424 775 776 912 1023 1051 1255 1273 
167 202 241 461 489 775 776 787 966 1023 1051 
30 215 424 696 712 775 776 808 1051 1055 1255 1273 
206 484 647 775 776 966 1045 1051 1216 1233 1255 
11 197 259 424 696 775 776 888 1045 1051 1255 1273 
345 354 424 527 669 776 966 1051 1067 1216 1233 1255 
58 424 641 696 766 1023 1026 1038 1045 1051 1255 1273 
79 262 275 424 696 775 776 1051 1255 
197 275 404 424 502 676 775 776 1023 1051 1255 1273 
424 633 696 776 828 892 1051 1101 1216 1233 1255 
45 309 414 424 526 532 667 696 1051 1255 1273 
116 138 375 424 458 667 696 776 1051 1216 1255 
57 121 202 241 461 685 776 966 1023 1040 1051 1216 
97 310 424 625 637 696 746 775 776 1051 1255 1273 
3 64 424 472 552 696 776 865 1023 1051 1216 1255 
233 405 424 666 696 776 1051 1101 1113 1216 1233 1255 
8 170 171 424 574 696 776 1051 1127 1202 1255 
228 241 722 775 776 787 966 1051 1216 1233 1255 
254 775 776 818 892 1023 1051 1216 1233 1255 
241 424 775 776 857 887 919 1051 1126 1233 1255 1273 
3 11 58 345 424 776 966 1051 1216 1233 1255 
3 117 183 210 424 469 696 776 1023 1040 1051 1255 
88 129 183 256 339 424 696 776 1051 1147 1255 1273 
210 424 494 502 696 776 787 1051 1216 1233 1255 
198 228 262 424 458 638 775 776 966 1051 1255 
84 199 345 424 518 696 776 1051 1216 1233 1255 
319 424 597 696 776 835 865 1051 1229 1231 1233 1255 
136 197 722 775 776 828 966 1051 1216 1233 1255 
120 275 282 316 424 740 775 776 1023 1051 1255 1273 
228 458 776 882 898 958 999 1040 1167 1200 1216 1233 
253 424 484 625 696 776 1051 1113 1216 1233 1255 
228 424 427 458 484 775 776 787 1051 1255 1264 1273 
265 367 424 459 477 696 776 782 1051 1216 1233 1255 
197 224 372 424 696 698 776 1026 1051 1216 1233 1255 
404 775 776 786 844 857 1051 1129 1233 1255 1281 
58 424 696 776 777 1051 1097 1101 1147 1216 1233 1255 
254 424 497 505 696 775 776 828 1045 1051 1255 1273 
2 337 437 775 776 826 966 1051 1061 1216 1233 1255 
0 105 215 312 355 404 424 461 776 1023 1051 1255 
73 408 424 741 756 775 776 942 1023 1040 1051 1255 
232 354 397 424 458 612 696 776 1051 1255 1273 
372 424 477 676 756 775 776 1045 1051 1216 1233 1255 
239 339 424 704 710 776 1051 1216 1231 1233 1255 
136 216 775 776 815 857 966 1051 1216 1233 1255 
0 232 324 392 407 424 439 458 696 776 1051 1255 
259 424 574 633 776 888 966 1051 1216 1233 1255 
312 331 367 397 424 696 776 1051 1216 1233 1255 
57 316 355 461 489 775 776 787 1023 1051 1255 
136 383 458 776 788 922 966 1040 1167 1200 1216 1233 
183 424 439 637 696 776 1023 1051 1255 
233 424 775 776 787 942 1023 1045 1051 1255 1273 
306 424 461 489 502 776 975 1051 1108 1115 1255 1273 
239 367 424 492 696 776 899 1029 1051 1233 1255 1273 
407 424 458 775 776 808 828 888 1051 1255 1273 
228 365 407 424 667 775 776 1051 1255 1273 
228 254 424 484 574 696 775 776 1051 1255 1273 
375 424 696 704 776 802 929 1051 1097 1216 1233 1255 
58 251 394 440 532 564 572 696 725 1023 1038 1051 
58 424 696 712 775 776 857 1051 1174 1255 
228 458 875 997 999 1008 1020 1022 1040 1200 1210 
206 390 722 775 776 777 966 1051 1216 1233 1255 
206 354 390 424 633 776 782 966 1051 1216 1233 1255 
215 316 407 461 489 775 776 787 1023 1051 1255 
68 424 436 740 776 931 1051 1095 1233 1255 1273 1281 
0 68 84 88 144 392 424 458 696 776 1051 1255 
424 545 574 597 696 775 776 1051 1113 1198 1255 1273 
367 461 489 534 776 787 975 1023 1038 1051 
124 233 365 424 776 925 1051 1211 1216 1231 1233 1255 
228 424 696 735 741 775 776 1051 1061 1176 1255 1273 
258 424 724 775 776 808 1051 1113 1255 1273 
228 241 258 407 461 489 775 776 1023 1051 1255 
215 224 254 316 489 775 776 818 1023 1040 1051 1255 
210 254 365 424 662 776 788 1051 1216 1233 1255 1273 
62 235 424 696 776 919 938 1051 1117 1211 1255 1273 
11 365 775 776 966 1051 1067 1152 1216 1233 1255 
97 241 775 776 777 895 966 1051 1152 1216 1233 1255 
11 228 254 259 775 776 966 1051 1216 1233 1255 
197 331 424 776 815 829 1051 1084 1216 1233 1255 1281 
216 262 367 424 574 696 775 776 1051 1255 1273 
254 424 459 696 775 776 824 829 1037 1051 1255 1273 
258 282 352 365 424 775 776 1023 1051 1255 1273 
11 136 228 741 775 776 966 1051 1216 1233 1255 
775 776 802 891 892 1023 1036 1051 1061 1216 1233 1255 
260 424 696 776 812 829 864 1051 1111 1216 1233 1255 
