228 322 342 424 458 776 838 1045 1051 1255 1273 1280 
228 332 424 440 456 461 696 776 1023 1038 1051 
171 228 424 494 776 865 1051 1216 1231 1233 1255 
11 408 424 696 741 775 776 1051 1223 1255 
30 206 424 775 776 952 956 1051 1113 1233 1255 
254 366 424 458 775 776 786 1051 1113 1176 1255 1273 
0 62 229 310 345 397 424 458 696 776 1051 1255 
88 233 375 424 458 696 776 1011 1051 1153 1233 1255 
397 424 776 777 787 966 1051 1084 1216 1233 1255 
262 461 775 776 826 966 1051 1142 1152 1233 1255 
259 424 447 696 723 776 801 966 1051 1216 1219 1233 
345 355 424 696 741 776 912 1051 1170 1216 1255 1273 
57 424 458 653 735 775 776 828 884 966 1051 1255 
9 124 265 397 424 552 696 776 1051 1216 1255 1273 
372 390 424 459 696 776 884 1051 1216 1233 1255 
58 241 754 776 929 966 1023 1027 1051 1216 1233 1255 
424 676 775 776 829 919 1051 1219 1233 1254 1255 1281 
170 241 424 546 574 696 775 776 1023 1051 1255 
206 424 502 574 740 775 776 1023 1051 1255 
228 424 458 696 765 775 776 808 1051 1115 1255 
310 424 696 775 776 899 1051 1061 1176 1220 1255 1273 
345 354 424 527 669 776 966 1051 1067 1216 1233 1255 
58 424 641 696 766 1023 1026 1038 1045 1051 1255 1273 
176 262 424 436 441 696 776 1051 1233 1255 1273 
339 424 574 740 741 775 776 1023 1051 1255 1273 
0 3 64 82 232 375 424 458 696 776 1051 1255 
484 574 775 776 777 966 1051 1152 1216 1233 1255 
215 258 424 775 776 834 888 1023 1051 1062 1255 1273 
136 260 424 594 696 776 777 1051 1153 1216 1233 1255 
11 254 676 775 776 777 966 1051 1216 1233 1255 
424 458 494 696 775 776 912 1051 1055 1113 1255 
42 141 424 461 494 707 776 1038 1051 1125 1216 
89 518 647 775 776 950 966 1045 1051 1216 1233 1255 
228 383 458 776 922 966 1167 1200 1216 1233 1259 
11 254 775 776 922 966 1051 1216 1233 1255 
202 260 284 461 776 777 940 966 1051 1216 1233 1281 
32 119 138 348 372 424 696 776 1051 1255 1273 
197 424 484 776 828 1051 1101 1216 1231 1233 1255 
408 424 676 776 838 887 1051 1233 1255 1272 1273 1281 
241 372 424 696 722 775 776 1023 1051 1255 
233 366 424 458 775 776 777 942 1051 1255 1273 
197 424 696 704 776 1051 1061 1216 1229 1233 1255 
282 424 427 458 597 638 775 776 1051 1255 1273 
258 424 458 653 775 776 865 899 1023 1051 1055 1255 
12 518 574 669 775 776 1051 1110 1216 1233 1255 1269 
58 392 424 427 458 775 776 1051 1241 1255 1273 
354 424 696 712 776 802 824 1051 1097 1216 1233 1255 
228 375 424 776 777 787 1051 1216 1231 1233 1255 
275 375 424 776 838 1051 1101 1152 1216 1231 1233 1255 
424 518 597 775 776 828 1051 1176 1255 1273 
136 228 497 775 776 857 966 1051 1216 1233 1255 
81 182 345 424 696 776 1051 1216 1219 1233 1255 
0 170 259 354 424 439 461 497 696 776 1051 1255 
58 424 458 735 775 776 808 884 966 1051 1255 
228 458 922 966 979 999 1040 1167 1200 1216 1259 
216 484 497 775 776 966 1051 1216 1233 1255 
310 316 424 459 775 776 899 1023 1051 1255 1273 
424 458 667 775 776 777 834 857 1051 1255 1273 
57 258 397 424 427 458 775 776 1051 1255 1273 
262 397 424 542 545 696 775 776 1051 1255 1273 
241 354 424 570 776 777 966 1051 1216 1233 1255 
167 228 461 489 534 645 776 975 1023 1038 1040 1051 
233 339 365 424 546 775 776 912 1023 1051 1255 1273 
136 141 424 484 696 775 776 1051 1113 1255 1273 
424 574 722 776 788 929 966 1051 1216 1233 1255 
79 136 355 424 696 775 776 1045 1051 1255 1258 1273 
2 775 776 884 966 1051 1061 1216 1233 1255 
11 390 404 424 775 776 966 1051 1055 1165 1233 1255 
11 215 424 505 696 775 776 1037 1051 1165 1255 1273 
97 120 424 634 676 775 776 1051 1168 1233 1255 1273 
0 40 243 279 297 365 424 461 776 1023 1038 1051 
196 243 279 424 461 776 787 1023 1026 1038 1047 1051 
197 775 776 826 895 966 1051 1152 1165 1216 1233 1255 
84 348 354 424 516 696 776 782 1051 1233 1255 1273 
215 254 424 741 775 776 942 1023 1045 1051 1255 1273 
57 202 228 461 489 775 776 966 1023 1051 
424 696 776 828 880 892 1051 1127 1153 1216 1233 1255 
108 275 365 424 776 777 787 1051 1216 1231 1233 1255 
224 424 574 633 696 776 1051 1216 1233 1255 
345 348 424 439 458 676 714 776 1051 1255 1273 1280 
259 365 424 775 776 815 966 1037 1051 1216 1220 1255 
407 424 458 775 776 834 1051 1152 1174 1226 1255 1273 
279 439 456 461 476 564 776 1023 1038 1051 1077 1216 
84 424 594 667 696 722 776 888 1051 1216 1233 1255 
138 424 625 667 696 776 938 1028 1051 1249 1255 1273 
136 241 424 696 698 775 776 1051 1255 1273 
424 459 696 698 775 776 787 1051 1127 1255 
310 407 424 458 696 775 776 787 884 1051 1255 
367 424 494 542 696 775 776 1051 1113 1211 1255 1273 
62 235 424 696 776 919 938 1051 1117 1211 1255 1273 
11 722 775 776 966 1051 1067 1152 1216 1233 1255 
206 215 224 424 461 502 775 776 1023 1045 1051 1255 
136 228 383 458 776 788 966 1040 1167 1200 1216 1233 
228 339 424 696 775 776 888 1023 1051 1255 
108 186 210 424 776 900 1023 1037 1040 1051 1255 1273 
0 84 100 228 282 354 424 458 776 1051 1255 1273 
97 216 424 459 696 776 1023 1024 1026 1038 1051 1255 
136 260 407 424 608 696 776 812 1051 1216 1233 1255 
116 303 380 424 532 644 694 696 728 776 1038 1051 
407 424 458 638 775 776 942 1051 1174 1255 1264 1273 
68 89 202 518 685 776 966 1051 1216 1233 1269 1281 
424 459 477 608 696 776 812 828 1051 1216 1233 1255 
9 210 262 424 532 545 696 771 776 1051 1255 
58 282 424 458 775 776 888 912 1023 1051 1255 
122 367 407 424 696 698 775 776 1023 1051 1255 
282 424 638 775 776 808 900 966 1051 1233 1255 
136 253 354 405 424 776 966 1051 1216 1233 1255 
120 310 316 339 424 735 775 776 1051 1233 1255 1273 
136 407 424 497 776 828 1051 1216 1231 1233 1255 
253 395 424 458 667 775 776 942 1040 1045 1051 1255 
215 239 424 696 741 775 776 829 1051 1165 1255 1273 
355 424 436 667 696 751 775 776 865 1051 1255 1273 
0 16 147 163 297 404 424 461 526 776 1051 1273 
653 775 776 888 966 1036 1051 1152 1216 1233 1255 
241 262 424 459 696 776 1023 1026 1051 1255 
79 136 310 424 436 545 696 775 776 1051 1255 1273 
30 316 424 459 494 696 775 776 824 1051 1255 1273 
355 407 424 518 625 696 747 775 776 1051 1255 1273 
228 316 407 424 775 776 887 900 1023 1051 1255 1273 
424 722 741 775 776 834 857 900 1023 1051 1233 1255 
224 348 424 776 892 975 1051 1118 1216 1233 1255 1273 
414 424 437 472 696 776 1029 1037 1051 1255 1271 1273 
11 217 306 348 365 424 776 1051 1231 1233 1255 1273 
119 235 372 424 456 696 776 1051 1116 1255 1273 
424 518 597 696 698 741 775 776 808 1051 1255 1273 
9 155 424 696 771 776 975 1051 1095 1216 1255 
275 345 367 424 696 776 1026 1051 1211 1216 1233 1255 
0 173 247 262 332 424 437 461 696 776 1051 
216 424 741 756 775 776 865 1023 1040 1051 1255 
30 136 355 424 458 484 696 775 776 1051 1255 
0 3 144 211 405 424 456 458 696 776 1051 1255 
79 424 696 741 775 776 912 1023 1051 1255 
0 74 355 408 424 456 459 461 776 1023 1051 1255 
355 407 424 458 653 775 776 787 942 1023 1051 1255 
392 424 436 696 775 776 888 892 1051 1176 1255 1273 
405 424 458 646 660 776 786 1051 1216 1233 1241 1255 
81 367 424 542 597 667 696 775 776 1051 1255 1273 
355 424 458 775 776 865 1051 1113 1255 1273 
254 424 458 597 638 775 776 1045 1051 1113 1255 1273 
216 260 354 424 776 777 966 1051 1216 1233 1255 
339 424 696 741 775 776 828 1051 1219 1255 1273 
81 197 404 424 494 775 776 957 1051 1233 1255 1273 
183 262 407 424 574 696 776 1023 1051 1255 
254 275 407 424 574 696 722 775 776 1023 1051 1255 
136 228 424 458 667 775 776 834 884 1051 1255 1273 
0 170 235 260 342 424 477 696 776 1051 1255 
97 216 262 404 424 637 775 776 1023 1051 1255 1273 
228 345 424 439 458 667 776 1051 1255 1273 1280 
79 216 424 646 698 775 776 1023 1036 1051 1255 1273 
3 183 424 696 712 776 829 1026 1051 1255 1273 
0 8 11 144 152 375 424 458 696 776 1051 1255 
216 653 775 776 884 895 966 1045 1051 1216 1233 1255 
0 105 246 262 424 461 492 531 696 776 1023 1051 
392 397 424 458 574 696 746 775 776 1051 1255 
392 407 424 436 696 775 776 1051 1174 1211 1255 1273 
57 424 458 646 775 776 1023 1037 1045 1051 1255 
0 17 224 265 273 409 424 440 696 776 1051 1216 
79 197 224 424 518 696 712 775 776 1051 1255 1273 
310 352 424 696 741 747 775 776 1051 1255 1273 
28 152 193 207 439 461 776 1023 1038 1051 1280 
84 129 199 216 424 436 696 776 1051 1255 1273 
116 141 424 574 696 741 776 1051 1216 1233 1255 
11 275 424 459 696 710 775 776 1051 1255 1273 
138 176 233 424 696 776 777 919 1051 1255 1273 1280 
32 64 122 424 696 776 1051 1095 1165 1218 1255 1273 
141 424 494 696 746 775 776 1051 1176 1255 1273 
30 58 366 424 458 484 775 776 888 1051 1255 1273 
57 167 202 241 461 489 775 776 966 1023 1051 
215 310 424 459 775 776 942 1023 1051 1255 1273 
228 275 397 424 696 747 775 776 1051 1255 1273 
354 424 776 815 1051 1119 1216 1219 1231 1233 1245 1255 
253 424 634 696 776 892 988 1051 1146 1233 1255 1273 
124 141 232 424 461 637 696 776 782 1038 1051 1255 
58 260 375 405 424 458 696 735 776 1051 1233 1255 
142 197 408 424 456 494 696 776 1051 1233 1255 1269 
339 424 456 696 776 1051 1113 1127 1146 1233 1255 1269 
437 574 722 775 776 829 966 1051 1216 1233 1255 
11 57 397 424 458 775 776 966 1051 1255 
122 228 253 424 696 775 776 787 1051 1255 1273 
253 424 461 739 776 835 888 966 1051 1109 1255 1273 
0 319 424 461 472 484 497 516 696 776 1051 1255 
260 310 392 424 696 776 777 1051 1115 1233 1255 1281 
116 424 477 667 696 698 776 1051 1216 1233 1255 
210 424 637 728 776 788 966 1051 1139 1216 1233 1269 
228 262 404 775 776 845 912 1023 1040 1051 1202 1255 
339 775 776 794 802 888 966 1051 1216 1219 1233 1255 
152 235 239 342 352 424 696 776 1023 1051 1255 1273 
108 210 339 365 424 494 776 1051 1216 1231 1233 1255 
424 696 776 849 880 919 936 941 1051 1216 1233 1255 
186 253 424 696 776 849 880 1051 1216 1233 1255 
211 355 424 516 615 696 776 1051 1220 1255 1272 1273 
253 424 458 775 776 783 808 828 1051 1255 1273 
0 100 171 228 302 306 424 458 776 1051 1255 1273 
136 228 383 458 775 776 922 966 1040 1051 1200 1216 
136 260 424 502 696 776 1051 1216 1233 1255 
0 72 74 182 228 254 424 458 776 1051 1255 1273 
58 97 775 776 888 966 1036 1051 1216 1233 1255 
259 260 424 696 776 824 1051 1095 1216 1229 1233 1255 
97 224 282 355 424 510 775 776 1023 1040 1051 1255 
11 136 224 775 776 966 1051 1168 1216 1233 1255 
141 408 424 494 597 696 775 776 1051 1255 1273 
233 260 375 424 696 776 1051 1216 1233 1241 1255 
186 424 696 776 865 888 912 929 1023 1051 1216 1255 
284 424 462 599 685 776 1040 1051 1202 1211 1216 1233 
58 228 397 424 696 775 776 1037 1051 1255 
228 458 873 898 959 979 993 997 999 1040 1200 1210 
215 216 254 424 775 776 1051 1127 1216 1233 1255 
424 597 751 775 776 809 857 1051 1198 1233 1255 1273 
176 424 480 570 696 747 765 776 1051 1255 1280 
216 265 312 355 424 696 776 857 1023 1051 1216 1255 
136 215 316 424 775 776 865 1051 1216 1233 1255 
375 390 424 695 696 776 782 1051 1216 1229 1233 1255 
136 424 458 775 776 828 1051 1176 1241 1255 1273 
339 352 424 518 696 735 775 776 1045 1051 1255 1273 
367 476 646 756 775 776 818 1023 1051 1216 1233 1255 
206 235 339 424 461 776 1023 1024 1040 1045 1051 1255 
120 310 404 424 497 775 776 925 1051 1233 1255 1273 
11 242 254 348 407 424 458 776 1051 1216 1233 1255 
0 138 262 354 395 424 458 484 696 776 1051 1255 
136 254 775 776 922 966 1051 1216 1233 1255 
259 741 775 776 777 966 1051 1168 1216 1233 1255 
228 383 458 776 922 966 979 1040 1167 1200 1216 1259 
375 407 424 776 865 925 1051 1216 1231 1233 1255 
262 424 647 695 696 775 776 1051 1115 1174 1233 1255 
120 206 233 424 695 775 776 1051 1128 1216 1233 1255 
97 216 224 372 424 633 696 776 1051 1216 1233 1255 
424 484 776 802 936 941 966 1051 1216 1233 1255 
11 228 484 775 776 884 966 1051 1216 1233 1255 
136 275 424 437 696 722 775 776 1051 1255 
118 424 456 666 696 766 912 1051 1255 1269 1273 
30 198 258 355 424 427 458 775 776 1051 1255 1273 
12 87 775 776 809 1051 1132 1195 1233 1255 1269 1273 
30 262 392 424 696 775 776 786 1051 1255 
131 254 259 397 489 723 775 776 966 1051 1216 1233 
97 424 545 667 696 735 747 775 776 1051 1255 1273 
458 873 875 898 959 979 997 999 1008 1040 1200 1210 
116 124 342 414 424 459 696 776 1051 1255 1273 
0 84 206 262 280 424 458 461 776 966 1255 
424 529 643 740 743 776 1029 1051 1218 1255 1273 1280 
310 424 660 696 747 776 1051 1115 1233 1255 1268 1273 
202 224 461 489 502 775 776 787 966 1023 1051 
0 96 145 183 251 424 439 458 461 1023 1038 
215 254 264 424 489 502 775 776 1023 1051 1255 
211 324 424 458 696 776 812 1051 1113 1127 1216 1255 
206 254 424 458 775 776 888 899 1023 1051 1255 
424 570 608 696 698 776 815 1051 1152 1216 1233 1255 
120 206 241 424 505 775 776 1051 1216 1233 1255 
167 202 408 775 776 966 1023 1045 1051 1216 1233 
215 264 367 397 424 696 775 776 1051 1126 1255 1273 
331 397 424 594 696 776 1051 1101 1216 1233 1245 1255 
108 424 484 676 776 1051 1211 1216 1223 1231 1233 1255 
11 198 253 424 458 574 775 776 966 1051 1255 
170 424 625 633 696 698 760 776 1038 1051 1255 
424 696 735 747 776 948 1051 1147 1163 1233 1255 1273 
254 365 489 723 775 776 787 966 1023 1051 1216 
68 140 367 424 776 838 1051 1084 1233 1255 1273 1281 
198 206 397 424 458 775 776 966 1051 1152 1255 
122 124 183 424 439 461 625 696 776 1038 1051 1255 
11 424 776 777 878 1026 1051 1233 1255 1269 1271 1273 
424 634 696 698 775 776 865 925 1051 1241 1255 1273 
68 84 397 424 458 696 737 776 865 1051 1233 1255 
352 424 646 775 776 899 900 1023 1051 1055 1255 1273 
36 82 136 182 424 458 574 696 776 1051 1255 
228 397 518 775 776 966 1036 1051 1216 1233 1255 
9 73 138 265 424 696 776 1051 1061 1216 1255 
397 676 775 776 829 966 1045 1051 1216 1233 1255 
342 424 545 696 714 776 802 1051 1233 1255 1272 1273 
424 710 722 775 776 1051 1174 1216 1233 1245 1255 
424 637 696 776 1045 1051 1147 1196 1216 1233 1245 1255 
345 424 696 776 786 808 936 1051 1216 1233 1255 
152 176 241 424 667 696 719 776 1051 1255 1273 1280 
11 136 228 424 458 696 775 776 1051 1255 
228 241 424 574 741 775 776 1023 1051 1255 1273 
253 262 282 375 424 647 776 1040 1051 1202 1233 1255 
365 424 735 775 776 887 925 1051 1219 1233 1255 1273 
215 282 408 424 775 776 824 1051 1233 1255 1273 
30 339 392 424 502 696 775 776 1051 1061 1255 1273 
405 424 492 516 696 776 894 1051 1233 1255 1271 1273 
120 367 424 637 775 776 1023 1051 1255 1273 
228 458 776 882 898 928 958 999 1040 1200 1216 
57 136 415 424 497 775 776 1051 1165 1216 1255 1273 
407 424 439 461 484 527 696 776 1023 1051 1255 
119 282 424 646 775 776 864 892 1051 1233 1255 1273 
136 254 424 676 775 776 919 1051 1255 1273 
2 79 366 424 741 775 776 1051 1216 1255 1273 
354 461 492 597 776 966 1051 1142 1198 1233 1255 1269 
84 197 392 424 696 776 1051 1233 1255 1269 1271 
215 228 405 407 424 667 696 776 1051 1216 1233 1255 
206 408 574 775 776 829 966 1051 1216 1233 1255 
141 424 518 695 696 775 776 1051 1245 1255 
354 424 497 574 776 1006 1051 1128 1216 1231 1233 1255 
424 633 696 776 786 925 948 1051 1216 1233 1255 
216 233 424 437 696 775 776 815 1051 1255 
136 337 775 776 826 884 966 1051 1126 1216 1233 1255 
170 408 424 696 775 776 802 857 865 1023 1051 1255 
397 424 667 696 775 776 912 1051 1126 1198 1255 1273 
58 424 696 698 776 828 1051 1126 1153 1216 1233 1255 
228 424 647 696 776 824 884 1051 1216 1233 1255 
167 254 284 424 776 801 966 1051 1101 1216 1231 1233 
68 210 345 424 458 696 776 808 1051 1255 1273 
258 424 574 775 776 787 865 1023 1051 1255 1273 
136 259 476 647 775 776 966 1051 1152 1216 1233 1255 
262 424 458 775 776 828 884 1051 1055 1255 
484 775 776 966 1036 1051 1165 1216 1219 1233 1255 
121 138 331 385 424 696 741 776 1040 1051 1202 1216 
57 58 407 424 637 775 776 892 1023 1051 1255 1273 
260 354 424 776 972 1051 1216 1223 1226 1231 1255 1273 
0 84 152 210 232 262 424 458 696 776 1051 1255 
254 260 306 424 458 776 954 966 1051 1176 1233 1255 
424 696 775 776 1051 1168 1174 1241 1255 
275 424 574 696 775 776 786 925 1051 1182 1233 1255 
260 354 424 776 966 1051 1126 1165 1216 1233 1255 
224 424 574 696 776 888 936 1051 1216 1233 1255 
424 497 696 776 782 892 929 1051 1113 1216 1233 1255 
171 424 469 526 696 776 1045 1051 1147 1233 1255 1273 
776 788 922 1006 1051 1171 1216 1233 1255 
228 424 458 667 775 776 834 1051 1255 1273 
11 228 424 497 696 775 776 1045 1051 1165 1255 1273 
259 372 424 696 710 775 776 884 1051 1255 1273 
0 152 224 235 241 424 461 526 696 776 1051 1255 
282 367 408 424 574 775 776 1051 1233 1255 1258 1273 
228 458 776 867 882 885 928 958 999 1200 1216 1233 
0 72 84 210 228 424 458 484 696 776 1051 1255 
97 241 722 741 775 776 966 1051 1216 1233 1255 
424 458 735 746 775 776 787 808 966 1051 1255 
224 437 775 776 864 966 1051 1061 1216 1233 1255 
282 424 427 458 775 776 786 787 1051 1085 1255 1273 
316 407 424 489 676 775 776 857 1023 1051 1255 
182 199 216 310 365 424 776 1051 1216 1233 1255 1273 
254 424 458 484 574 746 775 776 966 1051 1255 
0 74 183 233 424 439 458 776 1051 1255 
11 97 424 696 710 776 1051 1127 1216 1233 1255 
258 282 424 458 667 775 776 857 1051 1255 1273 
122 170 183 215 424 696 776 1023 1051 1255 
79 424 597 696 775 776 888 1051 1165 1174 1255 1273 
0 167 228 397 427 458 461 489 775 776 966 
136 424 696 775 776 777 808 1051 1255 1258 1273 
57 202 224 241 461 489 775 776 966 1023 1051 
224 260 461 489 776 966 1168 1214 1216 1233 
424 542 646 775 776 824 925 1051 1255 1273 
57 167 224 365 461 489 775 776 966 1023 1051 
348 415 424 439 458 776 777 1051 1150 1255 1273 1280 
228 458 875 959 979 993 997 999 1008 1040 1200 1210 
241 424 570 776 838 884 936 966 1051 1216 1233 1255 
424 696 735 776 802 810 865 963 1040 1051 1202 1255 
0 72 116 228 232 253 424 458 696 776 1051 1255 
228 458 928 966 979 999 1040 1167 1200 1210 1216 
30 241 424 545 696 775 776 829 1051 1165 1255 1273 
57 241 365 461 489 502 775 776 966 1023 1051 
120 141 424 775 776 777 888 1051 1216 1233 1255 
170 241 262 275 424 696 775 776 1023 1051 1255 
424 666 696 776 865 1051 1101 1126 1165 1216 1233 1255 
458 873 875 898 959 979 997 999 1008 1040 1200 1210 
367 424 437 546 695 696 765 775 776 1051 1216 1255 
170 216 239 424 696 775 776 1023 1037 1051 1061 1255 
275 424 542 546 696 746 775 776 1051 1255 1273 
3 197 424 472 696 741 776 1051 1216 1233 1255 
339 397 424 775 776 900 966 1051 1085 1233 1255 
79 397 424 696 775 776 829 1051 1255 1273 
239 258 424 505 646 775 776 1051 1255 1273 
11 73 81 355 424 477 696 775 776 1051 1216 1255 
339 461 776 782 826 888 940 966 1051 1216 1233 1255 
73 79 424 696 775 776 865 899 1023 1051 1255 
210 348 424 497 696 714 776 948 1051 1233 1255 1273 
197 775 776 826 857 895 966 1051 1216 1233 1255 
367 407 424 484 776 812 1051 1084 1216 1233 1255 1281 
424 776 782 802 815 966 1051 1084 1216 1219 1233 1255 
355 424 625 696 775 776 884 892 1051 1198 1255 1273 
0 176 207 224 237 424 461 488 776 1023 1051 
68 202 390 424 484 685 776 966 1051 1216 1233 1281 
407 424 502 776 786 941 1051 1084 1216 1233 1255 1281 
79 228 258 424 574 775 776 865 1023 1051 1255 1273 
2 97 260 390 424 776 929 966 1051 1216 1233 1255 
79 206 216 424 775 776 802 1023 1040 1045 1051 1255 
0 74 80 167 355 365 424 461 489 776 1023 1051 
206 228 424 458 667 775 776 1051 1152 1255 
97 197 259 775 776 966 1051 1216 1233 1255 
170 182 216 264 424 696 776 782 1051 1216 1255 
224 228 365 424 774 775 776 786 1051 1233 1255 
116 403 424 484 552 776 1051 1152 1216 1231 1255 1273 
136 397 424 458 775 776 966 1051 1055 1085 1255 
62 72 348 424 696 719 776 936 975 1051 1255 1273 
424 484 510 574 696 775 776 1037 1051 1152 1216 1255 
310 424 477 696 775 776 1051 1182 1219 1223 1233 1255 
365 367 372 397 424 775 776 1051 1255 1273 
124 197 424 441 696 776 938 1051 1111 1233 1255 1273 
260 424 696 776 894 1051 1163 1174 1176 1233 1255 1273 
228 424 696 775 776 786 888 1051 1255 
254 354 424 776 815 1051 1165 1216 1231 1233 1255 
97 142 424 545 606 633 696 776 1051 1233 1255 
397 424 458 667 775 776 787 834 1051 1255 1273 
424 696 751 775 776 829 919 1045 1051 1220 1255 1273 
97 415 424 676 747 775 776 1051 1216 1233 1255 
57 167 224 228 461 489 775 776 966 1023 1051 
138 170 424 494 608 696 776 1051 1095 1216 1255 
372 424 461 600 637 696 707 765 776 1038 1051 1216 
260 282 397 424 637 776 992 1051 1233 1255 1269 1281 
228 253 637 775 776 777 966 1051 1216 1233 1255 
224 392 424 647 696 775 776 1051 1233 1255 1264 
210 424 712 776 787 865 1051 1216 1231 1233 1255 
424 459 527 529 741 776 1023 1051 1216 1233 1255 
30 68 232 342 424 458 696 776 1037 1051 1255 1273 
228 875 959 997 999 1002 1008 1022 1040 1200 1210 
74 367 424 461 489 534 645 776 787 1023 1038 1051 
424 518 574 666 776 857 966 1051 1216 1233 1255 
424 740 775 776 802 887 888 1023 1037 1051 1255 1273 
136 415 424 458 775 776 942 957 1051 1152 1255 1273 
197 367 390 424 696 776 849 1051 1216 1233 1255 
228 404 407 424 775 776 787 1023 1051 1255 1273 
424 637 696 775 776 919 925 1051 1176 1223 1255 1273 
0 31 124 215 241 249 424 461 696 776 1038 1051 
11 228 254 424 458 775 776 966 1051 1255 
136 366 424 458 667 775 776 787 1051 1085 1255 1273 
407 424 696 775 776 888 1051 1241 1255 1264 1273 
415 424 458 667 735 775 776 1037 1051 1176 1255 1273 
0 152 233 258 280 424 458 776 1255 1273 1280 
0 72 116 310 348 424 456 458 696 776 1051 1255 
108 182 424 456 458 776 957 1051 1233 1255 1272 1273 
392 424 458 696 775 776 808 888 1051 1127 1255 
253 424 574 696 775 776 802 1051 1174 1255 1273 
197 424 505 574 637 696 775 776 1051 1255 1273 
197 424 497 696 741 776 1051 1216 1219 1233 1255 
408 424 574 775 776 802 864 1051 1255 1273 
424 458 696 735 775 776 808 1051 1055 1174 1255 
260 424 667 756 776 788 1051 1153 1216 1233 1255 1269 
254 775 776 829 857 966 1051 1168 1216 1233 1255 
0 202 215 260 306 351 424 461 489 776 1051 
424 437 484 696 735 775 776 1045 1051 1255 1258 1273 
424 633 696 747 751 776 849 929 1051 1233 1255 1269 
239 241 352 424 775 776 865 887 1023 1051 1255 1273 
239 424 484 740 775 776 802 1023 1037 1051 1255 1273 
183 210 424 458 577 696 776 1051 1176 1255 1273 
424 696 775 776 892 919 1051 1165 1219 1253 1255 1273 
228 458 875 903 997 999 1008 1022 1040 1200 1210 
57 120 372 404 424 484 775 776 1023 1051 1255 1273 
57 167 365 461 489 775 776 787 966 1023 1051 
58 206 497 775 776 884 966 1051 1216 1233 1255 
669 775 776 815 864 966 1051 1165 1216 1233 1255 
136 206 215 424 756 776 1051 1095 1216 1233 1255 1269 
58 424 625 696 741 775 776 1045 1051 1255 1273 
408 424 502 625 696 712 775 776 1051 1255 1273 
262 424 696 775 776 888 892 1023 1036 1051 1255 
397 415 424 502 775 776 900 1051 1233 1255 1273 
484 574 776 822 885 959 978 999 1009 1051 1216 1233 
224 275 424 775 776 802 815 1051 1216 1233 1255 
57 258 367 397 424 458 775 776 1051 1255 1273 
233 312 424 696 776 808 1026 1036 1051 1216 1233 1255 
68 424 527 542 594 696 776 1051 1196 1216 1233 1255 
122 152 262 424 441 696 776 1051 1061 1255 1273 1280 
228 354 424 527 696 714 776 1051 1223 1233 1255 1269 
58 241 275 424 775 776 1023 1051 1061 1255 1273 
224 437 775 776 966 1036 1051 1216 1233 1255 
265 424 436 696 776 782 938 1036 1051 1233 1255 1273 
131 202 228 461 776 838 940 966 1051 1216 1233 1281 
339 502 637 775 776 922 966 1045 1051 1216 1233 1255 
424 696 775 776 787 865 892 1051 1115 1165 1255 1273 
73 197 372 424 696 775 776 899 1023 1051 1055 1255 
136 292 424 456 597 696 739 776 1051 1255 1273 
367 424 484 776 1051 1101 1216 1219 1231 1233 1255 
316 424 437 542 696 776 975 1051 1216 1233 1255 
202 310 407 424 630 685 776 1023 1040 1051 1216 1233 
11 228 254 775 776 922 966 1051 1216 1233 1255 
197 215 424 696 775 776 829 1051 1168 1220 1255 1273 
170 228 424 574 746 775 776 900 959 966 1051 1255 
228 424 502 696 775 776 829 919 1051 1255 1273 
211 235 241 424 516 696 776 835 884 1051 1255 1273 
275 424 556 696 776 925 1051 1152 1198 1231 1233 1255 
367 424 696 746 775 776 919 1051 1174 1223 1255 1273 
144 229 424 458 696 765 776 1011 1029 1051 1097 1255 
11 397 424 666 696 776 1051 1152 1216 1233 1255 
11 152 392 424 458 639 696 776 1011 1051 1255 
57 241 254 275 352 424 775 776 1023 1051 1255 1273 
3 424 570 776 857 966 1051 1216 1219 1233 1255 
206 574 775 776 888 892 1023 1051 1216 1233 1255 
11 339 574 775 776 966 1051 1216 1233 1255 
392 424 484 637 676 775 776 1051 1255 1273 
518 696 776 828 929 966 1027 1051 1208 1216 1233 1255 
239 265 424 497 776 802 1051 1216 1231 1233 1255 
216 518 775 776 829 895 966 1051 1216 1233 1255 
81 310 316 424 625 696 775 776 912 1051 1255 1273 
206 282 424 458 638 775 776 966 1051 1255 
253 392 397 424 458 484 775 776 1051 1255 1273 
170 215 424 502 696 775 776 1023 1045 1051 1255 
215 424 696 775 776 829 899 1051 1055 1223 1255 1273 
108 233 424 494 574 776 812 1051 1216 1231 1233 1255 
216 282 404 424 775 776 777 1051 1255 1273 
197 355 424 696 775 776 865 1023 1051 1255 
206 216 747 775 776 865 1023 1051 1216 1233 1255 
19 414 424 532 685 696 725 767 776 1023 1051 
239 390 424 459 637 696 698 775 776 1023 1051 1255 
119 142 424 502 518 696 776 787 1051 1233 1255 1269 
228 254 355 424 484 696 775 776 1023 1051 1255 
215 228 407 424 696 775 776 1023 1051 1255 
342 404 424 492 741 747 776 1023 1040 1051 1233 1255 
89 224 632 696 698 775 776 865 1051 1216 1233 1255 
424 456 461 527 698 776 933 1023 1036 1051 1233 1255 
30 372 424 696 775 776 787 808 1051 1255 1273 
365 366 424 542 775 776 809 1051 1115 1255 1273 
11 68 260 424 696 776 1051 1101 1216 1233 1255 
241 258 316 365 424 489 775 776 1023 1051 1255 
215 390 424 660 696 776 888 919 1051 1216 1233 1255 
136 228 262 424 458 775 776 966 1051 1255 
170 228 407 461 614 637 775 776 1023 1040 1051 1255 
228 637 775 776 808 826 966 1051 1216 1233 1255 
81 182 210 424 696 776 782 948 1051 1216 1233 1255 
198 206 262 424 427 458 597 775 776 966 1051 1255 
11 260 354 424 776 787 966 1051 1216 1233 1255 
179 424 458 634 696 712 776 963 1051 1153 1233 1255 
170 224 461 637 722 775 776 966 1023 1051 1255 
136 392 424 696 776 884 948 1026 1051 1216 1233 1255 
197 424 696 776 829 1051 1165 1211 1216 1233 1255 
11 355 424 696 775 776 857 1051 1255 1264 1273 
182 414 424 459 696 776 1051 1111 1168 1216 1255 1273 
375 424 477 696 712 776 1036 1051 1196 1216 1233 1255 
120 206 390 424 775 776 787 1051 1127 1216 1233 1255 
3 211 239 275 424 439 696 776 1051 1216 1255 1273 
81 136 262 424 494 502 696 775 776 1051 1255 1273 
372 424 439 610 696 776 787 975 1023 1038 1051 1255 
239 424 775 776 1051 1113 1168 1216 1233 1255 
121 375 424 458 765 776 1040 1051 1174 1188 1202 1216 
424 775 776 828 829 864 942 1051 1174 1216 1255 1273 
424 494 710 776 812 945 1051 1061 1216 1231 1233 1255 
3 170 265 312 424 502 696 776 1023 1040 1051 1255 
11 206 502 775 776 895 950 966 1051 1216 1233 1255 
228 292 397 424 594 598 696 776 1051 1216 1255 
79 310 316 424 436 696 775 776 824 1051 1255 1273 
30 136 310 366 424 458 775 776 957 1051 1255 1273 
3 228 241 424 696 776 1051 1153 1216 1233 1255 
152 166 206 262 424 461 776 966 1023 1024 1038 1051 
170 206 241 408 424 775 776 1023 1051 1255 
196 424 696 723 776 802 911 1051 1095 1216 1233 1281 
233 241 424 775 776 787 899 942 1023 1051 1255 1273 
424 502 574 696 712 775 776 1036 1051 1255 1273 
0 254 355 395 415 424 427 458 775 776 1051 1255 
0 136 198 262 392 395 424 458 775 776 1051 1255 
73 310 390 424 695 696 775 776 919 1051 1216 1255 
2 136 217 253 424 775 776 1051 1233 1253 1255 1273 
0 116 141 282 306 397 424 458 461 776 1051 1255 
284 424 775 776 796 911 1051 1128 1216 1231 1233 
0 202 224 241 260 306 424 461 489 776 966 1233 
397 424 458 597 775 776 857 966 1037 1051 1255 
468 667 775 776 828 1051 1203 1216 1219 1231 1233 1255 
2 224 775 776 895 922 966 1051 1216 1233 1255 
97 122 424 459 696 775 776 888 1051 1253 1255 1273 
136 407 424 427 458 634 775 776 1051 1055 1255 1273 
0 68 108 146 260 424 458 484 776 1051 1216 1255 
241 259 424 775 776 884 942 1051 1255 1273 
129 211 424 552 615 696 776 894 1024 1051 1255 1273 
216 372 424 437 459 696 712 775 776 1051 1255 1273 
3 72 138 424 696 776 975 1037 1051 1255 1273 
30 424 472 647 666 696 776 829 1051 1216 1233 1255 
0 3 228 345 424 458 480 484 696 776 1051 1255 
365 775 776 857 966 1051 1067 1165 1216 1233 1255 
0 131 260 323 397 424 427 458 461 489 776 966 
275 367 424 776 802 945 1051 1152 1216 1231 1233 1255 
58 233 424 696 775 776 1051 1127 1211 1255 
57 167 254 489 676 723 775 776 966 1023 1051 1216 
424 625 660 696 722 741 776 1051 1216 1233 1255 
202 241 365 461 489 502 775 776 966 1023 1051 
253 264 404 424 775 776 966 1051 1126 1176 1255 1273 
224 253 424 696 775 776 1037 1051 1115 1198 1255 1273 
228 241 424 489 775 776 787 892 1023 1051 1255 
79 352 392 424 696 751 775 776 1051 1168 1255 1273 
84 116 424 456 608 696 776 777 1051 1216 1233 1255 
81 424 456 696 776 1051 1101 1216 1219 1223 1233 1255 
242 372 424 776 802 919 1051 1216 1233 1255 1281 
3 228 405 424 776 966 1051 1084 1216 1233 1255 
119 136 367 468 775 776 844 1051 1233 1255 1269 1273 
11 228 254 397 424 458 775 776 1051 1255 1273 
239 254 424 439 696 776 1051 1101 1174 1216 1255 1273 
233 241 310 424 775 776 899 1023 1051 1255 1273 
119 424 597 696 775 776 1051 1219 1255 1258 1264 1273 
224 233 259 424 696 698 775 776 1051 1126 1255 1273 
81 136 424 505 676 751 775 776 1051 1233 1255 1273 
3 405 424 545 696 776 938 1051 1165 1233 1255 1273 
8 216 254 265 424 497 696 776 959 1051 1255 
476 653 775 776 864 895 966 1051 1152 1216 1233 1255 
182 424 625 696 776 880 975 1051 1216 1233 1255 
239 241 264 424 637 696 775 776 1051 1255 1273 
136 424 477 696 776 829 1051 1147 1152 1216 1233 1255 
140 262 282 412 424 776 936 1051 1233 1255 1273 1281 
186 196 207 357 407 424 776 1023 1040 1051 1216 
206 228 424 458 775 776 1023 1045 1051 1255 
32 122 210 424 502 574 696 776 1023 1038 1051 1255 
58 407 424 458 775 776 899 912 1023 1051 1255 
136 275 424 776 786 838 1051 1097 1216 1231 1233 1255 
241 424 461 625 696 737 739 776 1024 1038 1051 1255 
2 206 669 722 775 776 895 966 1051 1216 1233 1255 
206 775 776 787 857 966 1051 1216 1233 1255 
355 395 424 528 597 696 751 775 776 815 1051 1255 
228 372 424 459 696 775 776 912 1023 1051 1255 
57 202 224 228 461 489 775 776 966 1023 1051 
215 239 408 424 775 776 912 942 1023 1051 1255 1273 
262 339 461 574 775 776 787 966 1023 1046 1051 1255 
197 424 637 667 696 775 776 884 1051 1255 1273 
494 669 756 775 776 950 1051 1113 1216 1233 1255 1269 
151 254 489 775 776 818 892 959 987 997 1233 1255 
0 68 348 354 397 424 439 458 696 776 1051 1255 
228 254 367 424 696 775 776 892 1023 1051 1255 
228 233 424 458 638 735 775 776 1051 1255 1273 
253 415 424 427 458 494 775 776 1051 1255 1273 
424 437 527 722 776 788 966 1051 1165 1216 1233 1255 
124 235 424 577 696 739 760 776 1051 1255 1273 
345 397 424 776 787 788 966 1051 1216 1233 1255 
97 405 424 776 802 815 966 1051 1118 1216 1233 1255 
58 352 424 696 775 776 912 1037 1051 1126 1255 1273 
58 397 424 458 775 776 777 966 1051 1085 1255 
74 404 424 461 776 929 1023 1026 1051 1255 1273 
458 873 875 898 959 979 997 999 1008 1040 1200 1210 
58 254 424 696 775 776 1036 1051 1152 1253 1255 1273 
282 424 469 500 747 776 1051 1101 1233 1255 1273 1280 
339 424 637 696 741 775 776 1051 1220 1255 1273 
30 258 282 424 427 458 775 776 884 1051 1255 1273 
407 408 424 574 696 741 775 776 1023 1051 1255 
11 424 458 676 735 775 776 777 1051 1255 1273 
11 136 253 424 458 775 776 783 966 1051 1255 
262 407 424 502 574 696 775 776 1023 1051 1255 
224 424 696 751 775 776 888 919 1051 1255 1273 
122 397 424 696 698 775 776 919 1051 1255 1273 
239 355 408 424 696 746 775 776 1051 1126 1255 1273 
233 424 775 776 1051 1168 1174 1216 1233 1241 1255 
206 275 316 775 776 888 1023 1051 1216 1233 1255 
210 241 424 776 912 1040 1051 1128 1196 1202 1216 1255 
3 79 88 211 424 696 760 776 894 1051 1255 1273 
258 310 424 484 775 776 942 1051 1255 1273 
262 366 424 458 676 775 776 1051 1255 1273 
116 424 497 696 776 925 1051 1216 1233 1245 1255 
167 202 224 461 489 775 776 787 966 1023 1051 
0 8 211 355 424 458 484 492 696 776 1051 1255 
68 260 424 484 497 776 966 1051 1216 1233 1255 
136 424 458 735 775 776 783 1051 1055 1255 1273 
575 632 647 696 770 776 1004 1051 1095 1216 1233 1255 
207 233 424 458 461 596 640 686 776 1023 1040 1051 
0 84 282 415 424 427 439 458 461 776 1051 1255 
0 17 82 86 303 354 424 452 532 696 776 1051 
241 407 424 775 776 802 1023 1051 1255 1273 
122 424 542 634 696 775 776 1045 1051 1055 1255 1273 
11 216 239 424 696 776 1051 1152 1216 1233 1255 
216 424 639 696 714 746 776 975 1051 1255 1273 
316 372 392 424 625 696 775 776 1051 1115 1255 1273 
254 424 436 625 696 698 775 776 1051 1255 1273 
58 97 775 776 857 864 922 966 1051 1216 1233 1255 
407 424 456 574 696 776 1023 1045 1051 1255 
415 424 458 676 775 776 834 942 1051 1255 1273 
253 265 339 424 696 776 1026 1051 1152 1216 1233 1255 
197 502 653 775 776 777 950 966 1051 1216 1233 1255 
11 574 775 776 787 966 1051 1216 1219 1233 1255 
392 397 424 461 696 776 782 815 835 1038 1051 1255 
206 408 775 776 802 966 1051 1126 1216 1233 1255 
116 260 424 704 776 945 1051 1128 1216 1231 1233 1255 
136 210 424 776 787 1051 1101 1216 1231 1233 1255 
206 365 408 424 741 775 776 865 1023 1040 1051 1255 
89 476 502 775 776 808 966 1051 1152 1216 1233 1255 
152 254 424 696 776 786 929 975 1051 1255 1273 
216 224 408 424 472 696 776 1045 1051 1216 1233 1255 
58 316 424 695 696 712 775 776 1051 1255 
167 197 228 630 775 776 966 1023 1051 1067 1216 1233 
179 254 262 424 458 634 696 765 775 776 1051 1255 
215 339 424 461 472 492 696 776 1023 1051 1255 
228 241 424 696 775 776 808 919 1051 1061 1255 1273 
345 424 696 776 829 963 1051 1216 1233 1255 
228 367 424 441 574 594 696 776 1051 1233 1255 1269 
120 310 424 458 676 775 776 1051 1226 1255 1264 1273 
228 247 297 424 461 645 696 776 1023 1038 1051 
97 397 518 775 776 828 950 966 1051 1216 1233 1255 
216 254 264 424 696 775 776 864 1051 1255 
125 216 696 775 776 849 930 1051 1115 1233 1255 1281 
57 167 365 461 489 775 776 787 966 1023 1051 
299 348 354 424 574 648 776 1051 1216 1231 1233 1269 
352 424 502 505 546 696 775 776 1051 1152 1255 1273 
11 259 331 397 424 696 776 1051 1216 1233 1255 
215 241 262 424 696 775 776 1023 1045 1051 1255 
58 241 259 367 424 696 751 775 776 1051 1255 1273 
170 206 424 637 775 776 787 1023 1051 1255 
228 458 922 959 966 979 982 999 1200 1216 1259 
275 424 696 775 776 824 864 1051 1115 1255 1273 
97 228 397 518 775 776 966 1051 1216 1233 1255 
458 776 818 898 928 981 987 997 1021 1210 1216 1233 
3 183 275 342 424 436 696 776 1051 1255 1273 
58 275 424 494 667 696 775 776 1051 1255 1273 
228 253 424 696 735 736 775 776 828 1051 1233 1255 
310 424 497 696 775 776 828 1045 1051 1255 1256 1273 
30 262 424 696 775 776 865 1051 1198 1241 1255 1273 
458 873 875 898 959 993 997 999 1008 1040 1200 1210 
119 365 424 775 776 777 783 966 1051 1198 1255 1273 
233 424 696 775 776 777 787 1051 1211 1255 1273 
120 424 458 634 775 776 899 1051 1174 1226 1255 1273 
228 875 959 997 999 1002 1008 1022 1040 1200 1210 
254 262 424 634 751 776 1051 1119 1231 1233 1255 1269 
424 441 612 696 712 776 802 1028 1051 1255 1273 
210 232 259 424 497 696 776 1051 1170 1216 1255 1273 
97 424 647 776 941 966 1051 1101 1216 1233 1255 
120 262 424 458 775 776 787 1023 1045 1051 1255 
390 424 497 647 775 776 1051 1216 1233 1245 1255 
108 339 424 776 786 787 929 1051 1216 1233 1255 1273 
11 241 775 776 966 1051 1216 1219 1233 1255 
424 458 484 646 667 775 776 787 1051 1255 1273 
58 275 424 696 724 741 746 775 776 1051 1255 1273 
207 247 262 367 424 461 696 776 1023 1026 1038 1051 
58 424 477 696 775 776 828 1051 1055 1198 1233 1255 
224 228 424 776 838 945 1051 1152 1216 1231 1233 1255 
228 408 424 696 712 775 776 888 1051 1255 1273 
424 696 751 776 777 938 1051 1113 1117 1233 1255 1273 
136 392 424 458 546 746 775 776 1051 1255 1273 
232 424 484 696 739 776 988 1051 1218 1241 1255 1273 
253 390 502 775 776 828 966 1051 1216 1233 1255 
152 243 302 424 459 461 776 862 1023 1038 1051 1255 
275 424 469 696 776 975 1023 1029 1045 1051 1255 1273 
79 415 424 775 776 828 1051 1165 1216 1226 1255 1273 
11 259 424 696 775 776 787 919 1051 1255 1273 
136 424 696 776 786 824 1051 1061 1233 1255 
42 302 424 461 532 572 669 698 716 776 1051 
136 259 424 696 712 775 776 1051 1198 1255 1273 
136 197 424 741 776 828 1051 1216 1231 1233 1255 
11 233 424 484 505 518 696 775 776 1051 1255 1273 
58 97 206 775 776 884 966 1051 1216 1233 1255 
415 424 667 775 776 777 1051 1061 1198 1233 1255 1273 
254 407 424 518 696 741 746 775 776 1051 1255 1273 
216 775 776 826 884 966 1045 1051 1152 1216 1233 1255 
408 424 456 696 776 787 975 1023 1051 1255 
0 8 58 64 84 138 424 458 696 776 1051 1255 
84 424 526 545 696 776 864 925 1051 1233 1255 1273 
424 440 461 685 696 698 722 741 776 1023 1051 1216 
407 424 696 776 929 975 1051 1117 1216 1233 1245 1255 
228 424 696 735 775 776 829 1051 1115 1255 1273 
233 424 459 646 775 776 857 1023 1051 1255 1273 
239 407 424 696 775 776 888 892 1051 1255 
228 484 775 776 922 966 1051 1216 1233 1255 
228 424 458 696 735 775 776 888 1051 1255 
275 424 696 741 747 775 776 912 1023 1051 1255 
97 424 637 775 776 865 899 1023 1051 1255 1273 
167 202 241 365 461 489 775 776 966 1023 1051 
124 182 232 324 424 696 760 776 1051 1255 1273 
73 264 424 459 646 775 776 865 1023 1051 1216 1255 
253 260 424 458 484 776 777 867 917 1040 1051 1255 
354 424 527 666 696 704 776 1051 1101 1216 1233 1255 
88 319 347 424 436 696 776 1051 1097 1233 1255 1264 
171 424 570 574 660 696 776 1051 1216 1233 1255 
258 408 424 775 776 786 824 1051 1255 1273 
58 170 275 372 424 637 696 775 776 1023 1051 1255 
253 424 458 775 776 777 834 857 1051 1255 1273 
424 666 740 776 777 787 1051 1112 1233 1255 1269 1273 
275 424 574 696 775 776 1051 1219 1255 1258 1273 
170 424 696 775 776 1023 1045 1051 1255 
424 497 776 812 1051 1128 1152 1216 1219 1231 1233 1255 
97 365 408 424 775 776 884 1051 1216 1226 1255 1273 
30 228 424 696 775 776 777 808 864 1051 1255 1273 
241 424 461 647 696 776 1051 1095 1115 1252 1255 
316 352 397 424 696 775 776 787 1051 1255 1273 
0 141 183 424 458 461 482 526 776 1051 1255 
136 424 696 746 775 776 1051 1061 1152 1255 1273 
97 170 197 215 424 637 696 775 776 1023 1051 1255 
0 11 64 66 136 354 424 458 461 776 966 1255 
392 424 437 634 696 710 751 775 776 1051 1255 1273 
97 216 258 424 662 722 776 1051 1216 1233 1255 1269 
404 424 484 741 775 776 787 834 1023 1051 1255 1273 
262 348 397 424 439 458 696 776 1051 1255 
275 365 424 776 777 1051 1111 1165 1216 1231 1233 1255 
262 424 458 484 638 775 776 787 966 1051 1255 
120 297 424 459 461 529 637 776 1023 1038 1051 1216 
372 424 662 722 776 1051 1119 1127 1216 1233 1255 1269 
182 424 439 526 594 696 751 776 1051 1255 1273 
214 275 424 532 556 570 696 719 765 776 1051 1255 
197 518 775 776 966 1036 1051 1165 1216 1233 1255 
241 348 424 436 492 696 776 975 1051 1233 1255 1273 
131 224 259 489 775 776 787 966 1051 1216 1233 
58 258 367 424 647 775 776 925 1051 1216 1233 1255 
216 676 775 776 777 802 966 1051 1216 1233 1255 
58 197 355 390 424 510 696 775 776 1023 1051 1255 
73 124 424 647 696 776 1051 1170 1216 1255 
424 484 546 740 775 776 900 1023 1037 1051 1255 1273 
84 116 224 310 424 696 776 824 1051 1216 1233 1255 
239 424 494 518 698 776 945 1051 1216 1231 1233 1255 
138 214 424 696 776 865 963 1040 1051 1127 1202 1255 
233 316 484 775 776 1023 1051 1067 1216 1233 1255 
136 253 424 696 776 929 1051 1095 1111 1216 1233 1255 
233 424 634 696 775 776 1051 1126 1255 1258 1264 1273 
119 197 254 424 494 696 775 776 1051 1255 1273 
265 424 637 696 776 782 849 1051 1168 1216 1233 1255 
228 345 424 696 776 829 1051 1153 1165 1216 1233 1255 
129 424 597 639 696 714 776 1051 1168 1255 1273 
183 372 424 461 529 776 788 862 1023 1051 1255 1273 
424 461 542 546 615 647 696 735 776 1038 1051 1255 
167 228 241 461 489 502 775 776 966 1023 1051 
11 228 424 458 667 775 776 1051 1255 1273 
424 484 637 667 696 775 776 1051 1241 1255 1273 
171 241 424 696 776 1051 1061 1196 1216 1233 1255 
89 397 775 776 815 857 966 1045 1051 1216 1233 1255 
57 424 458 653 746 775 776 966 1037 1051 1255 
224 228 775 776 777 787 966 1051 1216 1233 1255 
254 424 542 696 704 776 812 1051 1147 1216 1233 1255 
89 228 497 775 776 966 1051 1216 1233 1255 
354 424 502 696 712 776 1051 1152 1216 1233 1255 
11 136 424 667 696 775 776 1051 1055 1255 1273 
254 275 424 638 775 776 1023 1051 1055 1062 1255 1273 
58 97 228 775 776 922 966 1051 1165 1216 1233 1255 
176 186 424 516 696 776 894 1051 1095 1233 1255 1273 
253 392 424 505 696 775 776 815 1051 1255 
775 776 815 828 888 922 950 966 1051 1216 1233 1255 
424 458 546 775 776 777 888 1051 1174 1255 1273 
58 275 424 696 775 776 912 1051 1255 
253 262 275 424 637 696 776 810 1040 1051 1202 1255 
424 427 458 574 775 776 786 834 836 1051 1255 1273 
183 246 333 424 630 696 699 776 1023 1040 1051 
224 241 424 647 660 696 776 782 1051 1216 1233 1255 
206 228 262 424 458 653 775 776 966 1051 1255 
167 254 284 424 776 838 966 1051 1216 1231 1233 
79 241 365 424 637 775 776 1023 1051 1255 1273 
136 424 696 775 776 824 849 892 1051 1255 
397 424 427 458 775 776 966 1045 1051 1152 1255 
241 348 424 696 776 786 936 1051 1216 1233 1255 
3 197 424 667 696 760 776 1051 1095 1255 1273 
0 58 120 242 314 375 424 458 776 1051 1216 1255 
210 262 424 439 458 696 776 865 954 1023 1051 1255 
171 197 224 424 696 776 1051 1170 1216 1220 1255 1273 
124 141 260 424 502 527 696 776 1051 1216 1233 1255 
197 215 424 696 751 775 776 925 1051 1168 1255 1273 
89 390 676 776 838 941 966 1051 1216 1233 1255 1281 
259 424 502 696 736 775 776 849 857 1051 1233 1255 
228 241 365 461 489 775 776 787 966 1023 1051 
241 260 424 570 722 776 966 1051 1216 1233 1255 
458 776 898 922 928 979 1040 1096 1171 1200 1216 1246 
253 390 424 696 775 776 849 1051 1126 1198 1233 1255 
79 124 424 546 612 696 760 776 1051 1255 1273 
182 372 424 666 696 712 776 1051 1165 1216 1233 1255 
233 254 407 424 458 775 776 888 1023 1051 1255 
424 458 484 776 931 954 1051 1055 1084 1233 1255 1281 
247 424 461 640 698 776 1023 1038 1047 1051 
228 424 484 676 747 775 776 1051 1216 1220 1255 1273 
199 354 424 502 696 776 1045 1051 1216 1233 1241 1255 
116 171 186 424 696 776 808 1051 1216 1229 1233 1255 
282 424 775 776 802 888 899 1023 1051 1062 1255 1273 
345 424 518 696 698 776 975 1051 1168 1216 1233 1255 
316 424 574 740 775 776 888 1023 1051 1255 1273 
224 390 404 461 476 775 776 966 1023 1051 1255 
136 502 775 776 808 888 966 1051 1216 1233 1255 
81 141 316 408 424 696 775 776 888 1051 1255 1273 
206 262 404 461 614 637 775 776 1023 1040 1051 1255 
11 228 397 424 458 492 696 776 1011 1040 1051 1255 
64 424 532 594 647 695 696 737 739 776 1051 1255 
0 53 57 100 198 424 443 532 572 776 1051 
97 637 775 776 888 966 1051 1152 1216 1233 1255 
282 415 424 458 638 735 775 776 1051 1255 1273 
258 262 366 424 458 634 775 776 1045 1051 1255 1273 
224 424 542 696 775 776 864 1045 1051 1255 1273 
253 260 424 633 696 722 776 1051 1196 1216 1233 1255 
167 224 241 407 461 489 775 776 1023 1051 
228 424 458 696 765 775 776 1051 1127 1174 1255 
206 339 372 424 747 775 776 925 1051 1216 1233 1255 
228 424 741 775 776 1051 1128 1165 1255 1273 
131 136 461 685 776 826 895 966 1051 1216 1233 1281 
32 235 405 424 696 776 802 929 988 1051 1255 1273 
228 233 354 424 696 776 849 1051 1216 1229 1233 1255 
120 141 228 424 458 484 646 775 776 1051 1255 1273 
97 424 497 633 776 992 1051 1152 1216 1233 1255 1273 
282 407 408 424 775 776 1023 1045 1051 1255 1273 
2 476 741 775 776 966 1045 1051 1216 1223 1233 1255 
182 390 397 424 756 776 1051 1127 1216 1233 1255 1269 
253 258 366 424 458 638 775 776 1051 1255 1273 
265 424 494 696 776 782 1051 1095 1126 1216 1233 1255 
11 116 259 345 424 436 696 776 1051 1233 1255 1273 
424 696 776 849 1051 1126 1152 1168 1216 1233 1255 
68 260 424 484 776 777 966 1051 1216 1233 1255 
241 741 775 776 787 966 1051 1216 1233 1255 
355 397 407 424 458 775 776 1051 1115 1255 1273 
424 497 696 704 776 777 1051 1152 1216 1233 1255 
196 222 461 498 532 558 564 572 722 776 1023 1051 
228 339 424 775 776 777 966 1051 1085 1220 1255 1273 
424 497 518 776 802 1051 1165 1216 1231 1233 1255 
253 254 408 775 776 864 966 1051 1216 1233 1255 
198 339 424 502 740 775 776 966 1051 1233 1255 
141 224 424 459 696 775 776 899 1051 1115 1255 1273 
144 424 439 458 639 696 765 776 1051 1113 1252 1255 
170 247 339 424 440 461 696 776 1023 1038 1051 
58 775 776 787 802 966 1036 1051 1216 1233 1255 
57 122 408 424 775 776 942 1023 1051 1255 
206 262 282 365 461 775 776 966 1023 1051 1255 
186 239 275 424 696 776 1051 1061 1216 1233 1255 
397 404 424 497 775 776 925 1051 1085 1233 1255 1273 
197 233 424 574 775 776 1023 1051 1061 1255 1273 
424 502 696 751 775 776 857 912 1051 1253 1255 1273 
11 424 696 775 776 787 919 1051 1055 1198 1255 1273 
81 352 424 597 696 775 776 888 899 1051 1255 1273 
167 228 241 367 461 489 775 776 1023 1038 1051 
68 108 253 424 458 737 776 1029 1051 1233 1255 1273 
228 424 484 497 696 775 776 787 864 1051 1255 1273 
182 232 354 407 424 458 639 696 776 1051 1255 1273 
97 331 424 696 776 786 894 1051 1233 1255 1272 1273 
215 407 461 614 637 775 776 912 1023 1038 1051 1255 
136 198 253 424 458 775 776 1051 1115 1255 1273 
241 365 489 502 775 776 857 966 1023 1051 1216 
124 241 424 637 696 776 812 1051 1216 1229 1233 1255 
239 424 698 704 710 776 1051 1216 1231 1233 1255 
197 228 367 390 404 424 775 776 1023 1051 1233 1255 
58 424 459 696 698 775 776 1045 1051 1255 1273 
122 215 424 625 696 775 776 777 1051 1198 1255 1273 
179 258 424 458 653 775 776 1045 1051 1233 1255 1256 
216 392 424 608 696 776 892 1051 1216 1233 1255 
258 259 392 415 424 775 776 1051 1255 1273 
260 424 477 696 714 776 829 1051 1163 1233 1255 1269 
0 3 282 360 414 424 492 500 776 1051 1255 1273 
40 167 246 282 424 461 685 776 933 1023 1040 1051 
424 456 484 696 776 787 1051 1165 1216 1233 1241 1255 
0 74 224 241 424 456 461 489 776 1023 1051 
119 424 696 775 776 892 1051 1055 1241 1255 1258 1273 
62 146 228 260 424 458 776 781 867 1051 1255 
258 262 282 424 458 667 775 776 1051 1255 1273 
97 119 408 424 505 696 775 776 1051 1165 1255 1273 
85 424 685 776 941 966 1045 1051 1131 1216 1233 1281 
0 58 62 397 424 458 526 696 776 1051 1255 
58 424 696 735 775 776 857 1051 1255 1264 1273 
424 436 696 712 775 776 925 1036 1051 1255 1264 1273 
282 366 415 424 458 775 776 942 1051 1255 1273 
275 424 597 637 775 776 1051 1115 1128 1233 1255 1273 
215 424 546 696 712 775 776 824 864 1051 1255 1273 
424 502 574 696 751 775 776 829 1045 1051 1255 1273 
136 408 722 775 776 787 966 1051 1216 1233 1255 
197 390 424 484 660 696 776 975 1051 1216 1233 1255 
216 224 424 439 494 776 972 1051 1216 1231 1255 1273 
11 253 424 542 696 775 776 802 1051 1241 1255 1273 
235 424 461 776 788 942 1023 1024 1036 1040 1051 1255 
228 233 407 424 458 735 775 776 1051 1255 1273 
0 62 74 375 407 424 458 461 489 776 1255 
348 424 696 747 776 1051 1097 1152 1211 1216 1233 1255 
206 424 458 638 775 776 857 966 1051 1152 1255 
375 424 696 776 865 963 1040 1051 1202 1211 1255 
310 367 424 775 776 786 828 1051 1216 1233 1255 
3 120 424 505 646 776 992 1051 1216 1233 1255 1273 
11 57 397 427 458 461 489 775 776 966 1255 
9 170 264 424 696 776 864 880 1051 1216 1255 
424 472 516 696 698 776 1051 1233 1249 1255 1256 1273 
58 116 424 570 633 696 741 776 1051 1216 1233 1255 
310 424 458 574 775 776 899 1037 1051 1255 1273 
197 345 424 696 776 824 849 963 1051 1216 1233 1255 
574 637 741 775 776 966 1051 1216 1233 1255 
11 228 258 365 397 424 489 775 776 1051 1255 1273 
258 319 404 424 722 775 776 809 1051 1182 1233 1255 
258 424 637 776 857 884 1051 1095 1216 1233 1255 1281 
424 696 776 782 865 936 1045 1051 1216 1233 1255 
171 186 424 441 556 696 776 1040 1051 1196 1202 1255 
84 197 424 500 776 1026 1051 1153 1233 1255 1269 1273 
215 310 365 424 775 776 887 892 1023 1051 1255 1273 
228 365 390 669 775 776 966 1051 1216 1233 1255 
228 424 667 696 775 776 829 1051 1223 1255 1273 
215 424 505 637 696 775 776 808 1051 1255 1258 1273 
3 254 342 424 458 484 776 933 1023 1040 1051 1255 
367 424 696 776 975 1051 1095 1127 1216 1233 1255 
228 458 898 928 979 997 999 1008 1040 1200 1210 
97 122 264 424 505 696 775 776 1051 1198 1255 1273 
253 355 424 458 667 775 776 786 1051 1255 1273 
228 392 408 424 696 776 1026 1051 1216 1233 1255 
79 262 275 424 696 775 776 802 1023 1051 1255 
11 57 262 392 415 424 458 775 776 1051 1255 1273 
395 424 505 625 695 696 775 776 777 1051 1216 1255 
40 186 286 359 424 741 776 1023 1040 1051 1056 1202 
209 282 337 436 775 776 930 1051 1160 1233 1255 1281 
424 436 666 696 776 1051 1153 1174 1233 1255 1258 1273 
0 8 178 397 424 439 458 461 526 696 1038 1255 
254 424 458 574 634 696 775 776 892 1051 1255 
79 216 239 372 424 676 775 776 1023 1051 1255 1273 
0 74 142 355 360 424 461 505 776 1051 1255 1273 
228 262 339 424 696 775 776 777 1051 1219 1255 1273 
122 239 424 484 597 696 775 776 829 1051 1255 1273 
339 372 424 647 696 776 919 1051 1216 1229 1233 1255 
339 461 776 782 787 966 1051 1168 1214 1216 1233 1255 
339 397 424 696 775 776 1051 1055 1126 1255 1273 
171 198 424 668 741 776 802 1040 1051 1202 1255 1273 
241 259 367 424 625 634 696 775 776 1051 1255 1273 
138 146 228 254 424 458 484 776 1040 1051 1255 
0 18 166 249 374 379 424 461 776 966 1202 
215 264 310 424 437 696 775 776 777 1051 1255 1273 
502 775 776 802 826 895 966 1051 1216 1219 1233 1255 
458 775 776 966 1023 1037 1045 1046 1051 1055 1071 1255 
197 228 397 775 776 826 966 1051 1216 1233 1255 
57 224 241 461 489 775 776 787 966 1023 1051 
30 141 155 170 424 510 696 775 776 1051 1216 1255 
392 424 775 776 1036 1051 1062 1211 1233 1255 1258 1273 
141 179 424 458 653 676 775 776 1051 1085 1233 1255 
124 228 345 424 696 776 975 1051 1211 1216 1233 1255 
79 228 275 424 696 775 776 1023 1051 1255 
196 367 455 461 532 574 591 696 721 776 1023 1038 
383 458 776 882 909 922 1006 1040 1051 1200 1216 1233 
241 424 505 634 696 735 775 776 899 1051 1255 1273 
197 424 696 776 782 884 919 929 1051 1216 1233 1255 
424 458 484 597 646 676 775 776 836 1051 1255 1273 
775 776 777 787 828 922 966 1051 1216 1233 1255 
282 424 458 653 775 776 966 1051 1055 1152 1255 
260 262 367 424 696 751 776 777 1051 1233 1255 1281 
258 424 458 735 775 776 942 1051 1113 1226 1255 1273 
258 372 424 436 775 776 1051 1062 1174 1233 1255 1273 
136 397 775 776 808 857 966 1051 1216 1233 1255 
57 122 224 424 638 775 776 1023 1051 1062 1255 1273 
216 424 776 815 1051 1165 1216 1219 1231 1233 1255 
424 469 696 724 776 888 1051 1117 1233 1249 1255 1273 
122 259 424 484 696 775 776 1051 1168 1219 1255 1273 
266 461 475 740 775 776 966 1023 1036 1046 1051 1255 
0 8 253 348 424 456 458 696 776 1051 1255 
0 58 84 141 182 253 424 458 696 776 1051 1255 
30 367 424 484 505 696 775 776 1051 1061 1255 1273 
122 215 224 254 424 775 776 1023 1051 1255 1273 
