12.821154 0.000000
20.280369 0.000000
25.013473 0.000000
30.160778 0.000000
35.494366 0.000000
40.330422 0.000000
44.521143 0.000000
48.013763 0.000000
53.197009 0.000000
60.444980 2367133.000000
66.024696 3625951.000000
71.694144 4731628.000000
77.936439 5714096.000000
83.908069 6616255.000000
88.789562 7358473.000000
92.905372 7826828.000000
99.240455 8800000.000000
108.310266 10149847.000000
114.120257 11384425.000000
120.594917 12100000.000000
127.308692 12754896.000000
133.723071 13400000.000000
138.469355 13900000.000000
142.482390 14300000.000000
148.453803 14900000.000000
156.441154 15700000.000000
162.349741 16300000.000000
168.074501 16800000.000000
174.152759 17464809.000000
180.208916 18100000.000000
184.959840 18500000.000000
188.855147 18900000.000000
194.732924 19500000.000000
202.945911 20300000.000000
208.421153 20900000.000000
214.285693 21500000.000000
220.299819 22100000.000000
226.399072 22700000.000000
231.118742 23126402.000000
235.010511 23500000.000000
240.490135 24100000.000000
248.933998 24900000.000000
254.553979 25500000.000000
260.390792 26100000.000000
266.680988 26700000.000000
272.589669 27300000.000000
277.524894 27800000.000000
281.454628 28200000.000000
287.075616 28700000.000000
295.536189 29600000.000000
301.365239 30200000.000000
307.309677 30800000.000000
313.668826 31400000.000000
320.192297 32100000.000000
325.010723 32500000.000000
329.040948 32900000.000000
334.692542 33500000.000000
343.350100 34400000.000000
349.530499 35000000.000000
355.596288 35600000.000000
362.260354 36300000.000000
368.558109 36900000.000000
373.870291 37400000.000000
377.999449 37800000.000000
383.753234 38400000.000000
392.612590 39300000.000000
398.864138 39900000.000000
405.182149 40600000.000000
411.997163 41200000.000000
418.902151 41900000.000000
424.079651 42400000.000000
428.380232 42900000.000000
434.117928 43476377.000000
443.332538 44400000.000000
449.819703 45000000.000000
456.267365 45700000.000000
463.328510 46400000.000000
469.856471 47000000.000000
475.313588 47600000.000000
479.706843 48000000.000000
485.818152 48600000.000000
494.928429 49500000.000000
501.589736 50200000.000000
508.331937 50900000.000000
515.407953 51600000.000000
522.400292 52300000.000000
527.888434 52800000.000000
532.746196 53300000.000000
621.584634 9.000000
629.563991 3213004.000000
635.099550 5612966.000000
640.936573 7490289.000000
647.314186 9345520.000000
653.444717 11159716.000000
658.692427 12000000.000000
663.127921 12487199.000000
669.354483 13100000.000000
678.140525 13943389.000000
684.154415 14582094.000000
690.438545 15200000.000000
697.215986 15900000.000000
703.919346 16500000.000000
709.263571 17100000.000000
713.825145 17500000.000000
720.305653 18200000.000000
729.138674 19037843.000000
735.210972 19700000.000000
741.558383 20300000.000000
748.242800 21000000.000000
754.856257 21600000.000000
760.531361 22200000.000000
765.082180 22600000.000000
771.603884 23300000.000000
780.859465 24200000.000000
787.215595 24900000.000000
793.512540 25500000.000000
800.521093 26200000.000000
807.007106 26800000.000000
812.866934 27400000.000000
817.357703 27900000.000000
823.834261 28500000.000000
833.338497 29500000.000000
839.705156 30100000.000000
846.312346 30800000.000000
853.305570 31500000.000000
860.091699 32113743.000000
865.779107 32700000.000000
870.766354 33200000.000000
877.073921 33800000.000000
886.587994 34800000.000000
892.968474 35400000.000000
899.874617 36100000.000000
906.934559 36800000.000000
914.140802 37600000.000000
919.883035 38100000.000000
924.765429 38600000.000000
931.215950 39300000.000000
940.925698 40200000.000000
947.622665 40900000.000000
954.541274 41600000.000000
962.159612 42400000.000000
969.213970 43100000.000000
975.399578 43700000.000000
980.318321 44200000.000000
987.509745 44900000.000000
997.423619 45900000.000000
1004.556262 46600000.000000
1012.033251 47300000.000000
1019.819957 48100000.000000
1027.077921 48805199.000000
1033.346104 49500000.000000
1038.386457 50000000.000000
1045.320042 50700000.000000
1055.701233 51700000.000000
1063.165992 52494086.000000
1070.615087 53200000.000000
1078.522612 54000000.000000
1086.407276 54800000.000000
1092.914772 55400000.000000
1098.159394 56000000.000000
1196.602469 9.000000
1205.622905 3600000.000000
1211.879667 6231988.000000
1219.013828 8451040.000000
1226.356688 10734098.000000
1234.019190 12800000.000000
1240.037299 13400000.000000
1245.055177 13900000.000000
1252.429827 14700000.000000
1261.934860 15600000.000000
1269.016463 16300000.000000
1276.263679 17100000.000000
1284.114182 17837899.000000
1291.851873 18600000.000000
1297.939343 19200000.000000
1303.307788 19800000.000000
1310.325940 20500000.000000
1319.989905 21400000.000000
1326.878104 22100000.000000
1334.002516 22800000.000000
1341.734668 23600000.000000
1349.183010 24400000.000000
1355.375306 25000000.000000
1360.694273 25500000.000000
1367.858054 26200000.000000
1377.931513 27200000.000000
1384.847774 27900000.000000
1392.423264 28700000.000000
1400.038499 29400000.000000
1407.644098 30200000.000000
1414.051542 30800000.000000
1419.629519 31400000.000000
1426.773137 32100000.000000
1436.879640 33100000.000000
1444.014662 33800000.000000
1451.246651 34600000.000000
1459.141804 35400000.000000
1466.932668 36100000.000000
1473.545219 36800000.000000
1478.946984 37300000.000000
1486.495198 38100000.000000
1496.842845 39100000.000000
1504.069069 39800000.000000
1511.636935 40600000.000000
1519.834177 41400000.000000
1528.104501 42225542.000000
1534.753181 42900000.000000
1540.566097 43500000.000000
1548.114761 44271888.000000
1558.667328 45300000.000000
1566.292895 46100000.000000
1574.127982 46900000.000000
1582.527346 47700000.000000
1590.901127 48500000.000000
1597.678666 49200000.000000
1603.805991 49800000.000000
1611.404777 50600000.000000
1622.375756 51700000.000000
1630.316498 52500000.000000
1638.308038 53300000.000000
1647.192265 54200000.000000
1655.714938 55000000.000000
1662.622740 55700000.000000
1668.957935 56300000.000000
1777.214559 6.000000
1786.361892 3863957.000000
1793.411908 6828786.000000
1800.641018 9404992.000000
1808.712300 11839142.000000
1816.686430 14000000.000000
1823.304754 14700000.000000
1829.316745 15300000.000000
1837.436761 16100000.000000
1848.047212 17100000.000000
1855.745008 17900000.000000
1863.371495 18700000.000000
1871.602310 19500000.000000
1879.545228 20300000.000000
1886.395947 21000000.000000
1892.615779 21600000.000000
1900.583019 22400000.000000
1911.881070 23500000.000000
1919.927158 24300000.000000
1928.208027 25200000.000000
1937.178778 26100000.000000
1945.736488 26900000.000000
1952.905702 27600000.000000
1959.026378 28200000.000000
1966.921898 29000000.000000
1977.500414 30100000.000000
1985.206120 30900000.000000
1993.015393 31600000.000000
2001.529207 32500000.000000
2009.587487 33300000.000000
2016.566247 34000000.000000
2022.613815 34600000.000000
2030.821053 35400000.000000
2042.281276 36600000.000000
2050.232180 37400000.000000
2058.317785 38200000.000000
2067.384909 39100000.000000
2075.742760 39900000.000000
2083.022672 40600000.000000
2089.324634 41300000.000000
2097.523980 42100000.000000
2109.220024 43300000.000000
2117.859383 44100000.000000
2126.746696 45000000.000000
2135.950662 45900000.000000
2144.673688 46800000.000000
2152.327492 47600000.000000
2158.690631 48200000.000000
2167.428150 49100000.000000
2179.078547 50200000.000000
2187.444803 51100000.000000
2197.036848 52000000.000000
2206.547233 53000000.000000
2215.485456 53900000.000000
2223.432190 54700000.000000
2230.399974 55400000.000000
2345.122514 10.000000
2355.742845 4200000.000000
2363.464641 7387018.000000
2371.656923 10189009.000000
2380.948572 12800000.000000
2389.284087 15000000.000000
2396.843190 15700000.000000
2403.283448 16400000.000000
2411.669407 17200000.000000
2422.904100 18300000.000000
2431.325570 19200000.000000
2439.762610 20000000.000000
2449.208614 21000000.000000
2457.788591 21800000.000000
2465.447000 22600000.000000
2472.098881 23230430.000000
2480.712357 24100000.000000
2492.147779 25300000.000000
2500.313130 26100000.000000
2508.822579 26900000.000000
2518.241100 27900000.000000
2526.771602 28700000.000000
2534.341644 29500000.000000
2541.055470 30100000.000000
2549.682279 31000000.000000
2561.255875 32200000.000000
2569.768305 33000000.000000
2578.328174 33900000.000000
2587.647330 34800000.000000
2596.454244 35700000.000000
2604.128159 36500000.000000
2610.843136 37100000.000000
2619.742898 38000000.000000
2631.672478 39200000.000000
2640.061229 40000000.000000
2649.032937 40900000.000000
2658.652851 41900000.000000
2667.784480 42800000.000000
2675.769450 43600000.000000
2682.723208 44300000.000000
2691.732628 45200000.000000
2704.241060 46500000.000000
2713.090283 47327481.000000
2722.327602 48300000.000000
2732.377317 49300000.000000
2742.206703 50300000.000000
2750.413463 51100000.000000
2757.505348 51800000.000000
2883.273774 11.000000
2894.788625 4553879.000000
2903.209377 7839850.000000
2911.986790 10861690.000000
2921.274683 13546574.000000
2930.751266 16100000.000000
2939.081434 17200000.000000
2945.950779 17900000.000000
2955.372198 18900000.000000
2967.505026 20100000.000000
2976.326987 21000000.000000
2985.180867 21900000.000000
2994.954125 22800000.000000
3004.393110 23800000.000000
3012.530318 24600000.000000
3019.508615 25300000.000000
3029.554049 26300000.000000
3042.046233 27500000.000000
3050.749039 28400000.000000
3059.567198 29300000.000000
3069.297152 30300000.000000
3078.758323 31200000.000000
3086.778119 32000000.000000
3093.816240 32700000.000000
3103.457461 33700000.000000
3116.542169 35000000.000000
3125.501352 35900000.000000
3134.658184 36800000.000000
3145.166504 37900000.000000
3154.962205 38800000.000000
3163.078150 39600000.000000
3170.418873 40400000.000000
3180.241874 41400000.000000
3193.710251 42700000.000000
3202.885391 43600000.000000
3212.544808 44600000.000000
3223.250757 45700000.000000
3233.117448 46663828.000000
3242.059464 47500000.000000
3250.135197 48400000.000000
3262.853788 49600000.000000
3276.932453 51000000.000000
3286.660721 52000000.000000
3297.390369 53100000.000000
3308.303982 54200000.000000
3318.403703 55200000.000000
3327.406734 56100000.000000
3335.395741 56900000.000000
